
local KeyMap = {
	PlayerRank = 1,
	Rival1UpLimit = 2,
	Rival1LowerLimit = 3,
	Rival2UpLimit = 4,
	Rival2LowerLimit = 5,
	Rival3UpLimit = 6,
	Rival3LowerLimit = 7,
	Rival4UpLimit = 8,
	Rival4LowerLimit = 9,
	Rival5UpLimit = 10,
	Rival5LowerLimit = 11,
	Rival6UpLimit = 12,
	Rival6LowerLimit = 13,

}

local R = {

}

local ArenaRivalList = 
{
	[1]=
	{
		1,
		1,
		1,
		2,
		2,
		3,
		3,
		4,
		4,
		5,
		5,
		6,
		6,
	},
	[2]=
	{
		2,
		-1,
		-1,
		1,
		1,
		2,
		2,
		3,
		3,
		4,
		4,
		5,
		5,
	},
	[3]=
	{
		3,
		-2,
		-2,
		-1,
		-1,
		1,
		1,
		2,
		2,
		3,
		3,
		4,
		4,
	},
	[4]=
	{
		4,
		-3,
		-3,
		-2,
		-2,
		-1,
		-1,
		1,
		1,
		2,
		2,
		3,
		3,
	},
	[5]=
	{
		5,
		-4,
		-4,
		-3,
		-3,
		-2,
		-2,
		-1,
		-1,
		1,
		1,
		2,
		2,
	},
	[6]=
	{
		6,
		-4,
		-4,
		-3,
		-3,
		-2,
		-2,
		-1,
		-1,
		1,
		1,
		2,
		2,
	},
	[7]=
	{
		7,
		-4,
		-4,
		-3,
		-3,
		-2,
		-2,
		-1,
		-1,
		1,
		1,
		2,
		2,
	},
	[8]=
	{
		8,
		-4,
		-4,
		-3,
		-3,
		-2,
		-2,
		-1,
		-1,
		1,
		1,
		2,
		2,
	},
	[9]=
	{
		9,
		-4,
		-4,
		-3,
		-3,
		-2,
		-2,
		-1,
		-1,
		1,
		1,
		2,
		6,
	},
	[10]=
	{
		10,
		-4,
		-4,
		-3,
		-3,
		-2,
		-2,
		-1,
		-1,
		1,
		5,
		6,
		10,
	},
	[11]=
	{
		11,
		-4,
		-4,
		-3,
		-3,
		-2,
		-2,
		-1,
		-1,
		1,
		5,
		6,
		10,
	},
	[12]=
	{
		12,
		-4,
		-4,
		-3,
		-3,
		-2,
		-2,
		-1,
		-1,
		1,
		5,
		6,
		10,
	},
	[13]=
	{
		13,
		-4,
		-4,
		-3,
		-3,
		-2,
		-2,
		-1,
		-1,
		1,
		5,
		6,
		10,
	},
	[14]=
	{
		14,
		-4,
		-4,
		-3,
		-3,
		-2,
		-2,
		-1,
		-1,
		1,
		5,
		6,
		10,
	},
	[20]=
	{
		20,
		-10,
		-10,
		-8,
		-8,
		-6,
		-6,
		-2,
		-2,
		1,
		5,
		6,
		10,
	},
	[50]=
	{
		50,
		-10,
		-10,
		-8,
		-8,
		-6,
		-6,
		-2,
		-2,
		1,
		5,
		6,
		10,
	},
	[100]=
	{
		100,
		-25,
		-20,
		-15,
		-10,
		-5,
		-5,
		-2,
		-2,
		1,
		5,
		6,
		10,
	},
	[200]=
	{
		200,
		-25,
		-20,
		-15,
		-10,
		-5,
		-5,
		-2,
		-2,
		10,
		50,
		60,
		100,
	},
	[500]=
	{
		500,
		-25,
		-20,
		-15,
		-10,
		-5,
		-5,
		-2,
		-2,
		10,
		50,
		60,
		100,
	},
	[1000]=
	{
		1000,
		-250,
		-200,
		-150,
		-100,
		-50,
		-50,
		-20,
		-20,
		10,
		50,
		60,
		100,
	},
	[2000]=
	{
		2000,
		-250,
		-200,
		-150,
		-100,
		-50,
		-50,
		-20,
		-20,
		10,
		50,
		60,
		100,
	},
	[3000]=
	{
		3000,
		-250,
		-200,
		-150,
		-100,
		-50,
		-50,
		-20,
		-20,
		0,
		0,
		0,
		0,
	},

}

do
    MT(KeyMap, ArenaRivalList)
end

return ArenaRivalList
