
local KeyMap = {
	ID = 1,
	AwardID = 2,
	Count = 3,
	ItemIDs = 4,

}

local R = {

}

local FixAwardList = 
{
	[1]=
	{
		1,
		300000010,
		1,
		{0,100011},
	},
	[2]=
	{
		2,
		300000010,
		1,
		{0,100012},
	},
	[3]=
	{
		3,
		300000010,
		1,
		{0,100013},
	},
	[4]=
	{
		4,
		300000011,
		20000,
		{0,1},
	},
	[5]=
	{
		5,
		300000200,
		1,
		{0,410013041},
	},
	[6]=
	{
		6,
		300000200,
		1,
		{0,410023041},
	},
	[7]=
	{
		7,
		300000200,
		1,
		{0,410033061},
	},
	[8]=
	{
		8,
		300000300,
		1,
		{0,1090601},
	},
	[9]=
	{
		9,
		300000300,
		1,
		{0,1090701},
	},
	[10]=
	{
		10,
		300000300,
		1,
		{0,1090801},
	},
	[11]=
	{
		11,
		300000300,
		1,
		{0,1091901},
	},
	[12]=
	{
		12,
		302020001,
		1,
		{10,110100101,11,110100101,20,120100101,21,120100101,30,130100101,31,130100101,40,140100101,41,140100101,50,150100101,51,150100101},
	},
	[13]=
	{
		13,
		302020002,
		1,
		{10,110200101,11,110200101,20,120200101,21,120200101,30,130200101,31,130200101,40,140200101,41,140200101,50,150200101,51,150200101},
	},
	[14]=
	{
		14,
		302020003,
		1,
		{10,110300101,11,110300101,20,120300101,21,120300101,30,130300101,31,130300101,40,140300101,41,140300101,50,150300101,51,150300101},
	},
	[15]=
	{
		15,
		302020004,
		1,
		{10,110400101,11,110400101,20,120400101,21,120400101,30,130400101,31,130400101,40,140400101,41,140400101,50,150400101,51,150400101},
	},
	[16]=
	{
		16,
		302020005,
		1,
		{10,110500101,11,110500101,20,120500101,21,120500101,30,130500101,31,130500101,40,140500101,41,140500101,50,150500101,51,150500101},
	},
	[17]=
	{
		17,
		302020006,
		1,
		{10,110600101,11,110600101,20,120600101,21,120600101,30,130600101,31,130600101,40,140600101,41,140600101,50,150600101,51,150600101},
	},
	[18]=
	{
		18,
		302020007,
		1,
		{10,110700101,11,110700101,20,120700101,21,120700101,30,130700101,31,130700101,40,140700101,41,140700101,50,150700101,51,150700101},
	},
	[19]=
	{
		19,
		302020008,
		1,
		{10,110800101,11,110800101,20,120800101,21,120800101,30,130800101,31,130800101,40,140800101,41,140800101,50,150800101,51,150800101},
	},
	[20]=
	{
		20,
		302020011,
		1,
		{10,110101001,11,110101001,20,120101001,21,120101001,30,130101001,31,130101001,40,140101001,41,140101001,50,150101001,51,150101001},
	},
	[21]=
	{
		21,
		302020012,
		1,
		{10,110201001,11,110201001,20,120201001,21,120201001,30,130201001,31,130201001,40,140201001,41,140201001,50,150201001,51,150201001},
	},
	[22]=
	{
		22,
		302020013,
		1,
		{10,110301001,11,110301001,20,120301001,21,120301001,30,130301001,31,130301001,40,140301001,41,140301001,50,150301001,51,150301001},
	},
	[23]=
	{
		23,
		302020014,
		1,
		{10,110401001,11,110401001,20,120401001,21,120401001,30,130401001,31,130401001,40,140401001,41,140401001,50,150401001,51,150401001},
	},
	[24]=
	{
		24,
		302020015,
		1,
		{10,110501001,11,110501001,20,120501001,21,120501001,30,130501001,31,130501001,40,140501001,41,140501001,50,150501001,51,150501001},
	},
	[25]=
	{
		25,
		302020016,
		1,
		{10,110601001,11,110601001,20,120601001,21,120601001,30,130601001,31,130601001,40,140601001,41,140601001,50,150601001,51,150601001},
	},
	[26]=
	{
		26,
		302020017,
		1,
		{10,110701001,11,110701001,20,120701001,21,120701001,30,130701001,31,130701001,40,140701001,41,140701001,50,150701001,51,150701001},
	},
	[27]=
	{
		27,
		302020018,
		1,
		{10,110801001,11,110801001,20,120801001,21,120801001,30,130801001,31,130801001,40,140801001,41,140801001,50,150801001,51,150801001},
	},
	[28]=
	{
		28,
		302020021,
		1,
		{10,110102001,11,110102001,20,120102001,21,120102001,30,130102001,31,130102001,40,140102001,41,140102001,50,150102001,51,150102001},
	},
	[29]=
	{
		29,
		302020021,
		1,
		{10,110202001,11,110202001,20,120202001,21,120202001,30,130202001,31,130202001,40,140202001,41,140202001,50,150202001,51,150202001},
	},
	[30]=
	{
		30,
		302020021,
		1,
		{10,110302001,11,110302001,20,120302001,21,120302001,30,130302001,31,130302001,40,140302001,41,140302001,50,150302001,51,150302001},
	},
	[31]=
	{
		31,
		302020021,
		1,
		{10,110402001,11,110402001,20,120402001,21,120402001,30,130402001,31,130402001,40,140402001,41,140402001,50,150402001,51,150402001},
	},
	[32]=
	{
		32,
		302020021,
		1,
		{10,110502001,11,110502001,20,120502001,21,120502001,30,130502001,31,130502001,40,140502001,41,140502001,50,150502001,51,150502001},
	},
	[33]=
	{
		33,
		302020021,
		1,
		{10,110602001,11,110602001,20,120602001,21,120602001,30,130602001,31,130602001,40,140602001,41,140602001,50,150602001,51,150602001},
	},
	[34]=
	{
		34,
		302020021,
		1,
		{10,110702001,11,110702001,20,120702001,21,120702001,30,130702001,31,130702001,40,140702001,41,140702001,50,150702001,51,150702001},
	},
	[35]=
	{
		35,
		302020021,
		1,
		{10,110802001,11,110802001,20,120802001,21,120802001,30,130802001,31,130802001,40,140802001,41,140802001,50,150802001,51,150802001},
	},
	[36]=
	{
		36,
		302020022,
		1,
		{10,110102004,11,110102004,20,120102004,21,120102004,30,130102004,31,130102004,40,140102004,41,140102004,50,150102004,51,150102004},
	},
	[37]=
	{
		37,
		302020023,
		1,
		{10,110402004,11,110402004,20,120402004,21,120402004,30,130402004,31,130402004,40,140402004,41,140402004,50,150402004,51,150402004},
	},
	[38]=
	{
		38,
		302020024,
		1,
		{10,110702004,11,110702004,20,120702004,21,120702004,30,130702004,31,130702004,40,140702004,41,140702004,50,150702004,51,150702004},
	},
	[39]=
	{
		39,
		302020025,
		1,
		{10,110802004,11,110802004,20,120802004,21,120802004,30,130802004,31,130802004,40,140802004,41,140802004,50,150802004,51,150802004},
	},
	[40]=
	{
		40,
		302020031,
		1,
		{10,111103005,11,111103005,20,121103005,21,121103005,30,131103005,31,131103005,40,141103005,41,141103005,50,151103005,51,151103005},
	},
	[41]=
	{
		41,
		302020032,
		1,
		{10,111103004,20,121103004,30,131103004,40,141103004,50,151103004},
	},
	[42]=
	{
		42,
		302020033,
		1,
		{10,110701005,11,110701005,20,120701005,21,120701005,30,130701005,31,130701005,40,140701005,41,140701005,50,150701005,51,150701005},
	},
	[43]=
	{
		43,
		302020034,
		1,
		{10,110102005,11,110102005,20,120102005,21,120102005,30,130102005,31,130102005,40,140102005,41,140102005,50,150102005,51,150102005},
	},
	[44]=
	{
		44,
		302020034,
		1,
		{10,110202005,11,110202005,20,120202005,21,120202005,30,130202005,31,130202005,40,140202005,41,140202005,50,150202005,51,150202005},
	},
	[45]=
	{
		45,
		302020034,
		1,
		{10,110302005,11,110302005,20,120302005,21,120302005,30,130302005,31,130302005,40,140302005,41,140302005,50,150302005,51,150302005},
	},
	[46]=
	{
		46,
		302020034,
		1,
		{10,110402005,11,110402005,20,120402005,21,120402005,30,130402005,31,130402005,40,140402005,41,140402005,50,150402005,51,150402005},
	},
	[47]=
	{
		47,
		302020034,
		1,
		{10,110502005,11,110502005,20,120502005,21,120502005,30,130502005,31,130502005,40,140502005,41,140502005,50,150502005,51,150502005},
	},
	[48]=
	{
		48,
		302020034,
		1,
		{10,110602005,11,110602005,20,120602005,21,120602005,30,130602005,31,130602005,40,140602005,41,140602005,50,150602005,51,150602005},
	},
	[49]=
	{
		49,
		302020034,
		1,
		{10,110702005,11,110702005,20,120702005,21,120702005,30,130702005,31,130702005,40,140702005,41,140702005,50,150702005,51,150702005},
	},
	[50]=
	{
		50,
		302020034,
		1,
		{10,110802005,11,110802005,20,120802005,21,120802005,30,130802005,31,130802005,40,140802005,41,140802005,50,150802005,51,150802005},
	},
	[51]=
	{
		51,
		302030501,
		1,
		{0,51010301},
	},
	[52]=
	{
		52,
		302030501,
		1,
		{0,52010301},
	},
	[53]=
	{
		53,
		302030502,
		1,
		{0,51010302},
	},
	[54]=
	{
		54,
		302030502,
		1,
		{0,52010302},
	},
	[55]=
	{
		55,
		302030503,
		1,
		{0,51010303},
	},
	[56]=
	{
		56,
		302030503,
		1,
		{0,52010303},
	},
	[57]=
	{
		57,
		302030504,
		1,
		{0,51010304},
	},
	[58]=
	{
		58,
		302030504,
		1,
		{0,52010304},
	},
	[59]=
	{
		59,
		302030505,
		1,
		{0,51010305},
	},
	[60]=
	{
		60,
		302030505,
		1,
		{0,52010305},
	},
	[61]=
	{
		61,
		302030506,
		1,
		{0,51010306},
	},
	[62]=
	{
		62,
		302030506,
		1,
		{0,52010306},
	},
	[63]=
	{
		63,
		302030507,
		1,
		{0,51010307},
	},
	[64]=
	{
		64,
		302030507,
		1,
		{0,52010307},
	},
	[65]=
	{
		65,
		300000000,
		50,
		{0,3},
	},

}

do
    MT(KeyMap, FixAwardList)
end

return FixAwardList
