
local KeyMap = {
	ID = 1,
	Level = 2,
	Model = 3,
	MobDrop = 4,
	DropBelong1 = 5,
	EliteDrop = 6,
	DropBelong2 = 7,
	BossDrop = 8,
	DropBelong3 = 9,

}

local R = {

}

local MondropList = 
{
	[1]=
	{
		1,
		1,
		1,
		2000,
		1,
		0,
		0,
		0,
		0,
	},
	[2]=
	{
		2,
		5,
		1,
		2000,
		1,
		0,
		0,
		0,
		0,
	},
	[3]=
	{
		3,
		10,
		1,
		2000,
		1,
		0,
		0,
		0,
		0,
	},
	[4]=
	{
		4,
		15,
		1,
		2001,
		1,
		2101,
		1,
		0,
		0,
	},
	[5]=
	{
		5,
		20,
		1,
		2002,
		1,
		2102,
		1,
		0,
		0,
	},
	[6]=
	{
		6,
		25,
		1,
		2002,
		1,
		2102,
		1,
		0,
		0,
	},
	[7]=
	{
		7,
		30,
		1,
		2003,
		1,
		2103,
		1,
		0,
		0,
	},
	[8]=
	{
		8,
		35,
		1,
		2003,
		1,
		2103,
		1,
		0,
		0,
	},
	[9]=
	{
		9,
		40,
		1,
		2004,
		1,
		2104,
		1,
		0,
		0,
	},
	[10]=
	{
		10,
		45,
		1,
		2004,
		1,
		2104,
		1,
		0,
		0,
	},
	[11]=
	{
		11,
		50,
		1,
		2005,
		1,
		2105,
		1,
		0,
		0,
	},
	[12]=
	{
		12,
		55,
		1,
		2005,
		1,
		2105,
		1,
		0,
		0,
	},
	[13]=
	{
		13,
		60,
		1,
		2006,
		1,
		2106,
		1,
		0,
		0,
	},
	[14]=
	{
		14,
		65,
		1,
		2006,
		1,
		2106,
		1,
		0,
		0,
	},
	[15]=
	{
		15,
		70,
		1,
		2007,
		1,
		2107,
		1,
		0,
		0,
	},
	[16]=
	{
		16,
		75,
		1,
		2007,
		1,
		2107,
		1,
		0,
		0,
	},
	[17]=
	{
		17,
		80,
		1,
		2008,
		1,
		2108,
		1,
		0,
		0,
	},
	[18]=
	{
		18,
		85,
		1,
		2008,
		1,
		2108,
		1,
		0,
		0,
	},
	[19]=
	{
		19,
		90,
		1,
		2009,
		1,
		2109,
		1,
		0,
		0,
	},
	[20]=
	{
		20,
		95,
		1,
		2009,
		1,
		2109,
		1,
		0,
		0,
	},
	[21]=
	{
		21,
		100,
		1,
		0,
		0,
		0,
		0,
		0,
		0,
	},
	[22]=
	{
		22,
		1,
		2,
		0,
		0,
		0,
		0,
		0,
		0,
	},
	[23]=
	{
		23,
		5,
		2,
		0,
		0,
		0,
		0,
		0,
		0,
	},
	[24]=
	{
		24,
		10,
		2,
		0,
		0,
		0,
		0,
		0,
		0,
	},
	[25]=
	{
		25,
		15,
		2,
		0,
		0,
		0,
		0,
		0,
		0,
	},
	[26]=
	{
		26,
		20,
		2,
		0,
		0,
		0,
		0,
		0,
		0,
	},
	[27]=
	{
		27,
		25,
		2,
		0,
		0,
		0,
		0,
		0,
		0,
	},
	[28]=
	{
		28,
		30,
		2,
		0,
		0,
		0,
		0,
		0,
		0,
	},
	[29]=
	{
		29,
		35,
		2,
		0,
		0,
		0,
		0,
		0,
		0,
	},
	[30]=
	{
		30,
		40,
		2,
		0,
		0,
		0,
		0,
		0,
		0,
	},
	[31]=
	{
		31,
		45,
		2,
		0,
		0,
		0,
		0,
		0,
		0,
	},
	[32]=
	{
		32,
		50,
		2,
		0,
		0,
		0,
		0,
		0,
		0,
	},
	[33]=
	{
		33,
		55,
		2,
		0,
		0,
		0,
		0,
		0,
		0,
	},
	[34]=
	{
		34,
		60,
		2,
		0,
		0,
		0,
		0,
		0,
		0,
	},
	[35]=
	{
		35,
		65,
		2,
		0,
		0,
		0,
		0,
		0,
		0,
	},
	[36]=
	{
		36,
		70,
		2,
		0,
		0,
		0,
		0,
		0,
		0,
	},
	[37]=
	{
		37,
		75,
		2,
		0,
		0,
		0,
		0,
		0,
		0,
	},
	[38]=
	{
		38,
		80,
		2,
		0,
		0,
		0,
		0,
		0,
		0,
	},
	[39]=
	{
		39,
		85,
		2,
		0,
		0,
		0,
		0,
		0,
		0,
	},
	[40]=
	{
		40,
		90,
		2,
		0,
		0,
		0,
		0,
		0,
		0,
	},
	[41]=
	{
		41,
		95,
		2,
		0,
		0,
		0,
		0,
		0,
		0,
	},
	[42]=
	{
		42,
		100,
		2,
		0,
		0,
		0,
		0,
		0,
		0,
	},
	[43]=
	{
		43,
		1,
		3,
		3000,
		1,
		0,
		0,
		0,
		0,
	},
	[44]=
	{
		44,
		5,
		3,
		3000,
		1,
		0,
		0,
		0,
		0,
	},
	[45]=
	{
		45,
		10,
		3,
		3001,
		1,
		3101,
		1,
		3201,
		1,
	},
	[46]=
	{
		46,
		15,
		3,
		3001,
		1,
		3101,
		1,
		3201,
		1,
	},
	[47]=
	{
		47,
		20,
		3,
		3002,
		1,
		3102,
		1,
		3202,
		1,
	},
	[48]=
	{
		48,
		25,
		3,
		3002,
		1,
		3102,
		1,
		3202,
		1,
	},
	[49]=
	{
		49,
		30,
		3,
		3003,
		1,
		3103,
		1,
		3203,
		1,
	},
	[50]=
	{
		50,
		35,
		3,
		3003,
		1,
		3103,
		1,
		3203,
		1,
	},
	[51]=
	{
		51,
		40,
		3,
		3004,
		1,
		3104,
		1,
		3204,
		1,
	},
	[52]=
	{
		52,
		45,
		3,
		3004,
		1,
		3104,
		1,
		3204,
		1,
	},
	[53]=
	{
		53,
		50,
		3,
		0,
		0,
		0,
		0,
		0,
		0,
	},
	[54]=
	{
		54,
		55,
		3,
		0,
		0,
		0,
		0,
		0,
		0,
	},
	[55]=
	{
		55,
		60,
		3,
		0,
		0,
		0,
		0,
		0,
		0,
	},
	[56]=
	{
		56,
		65,
		3,
		0,
		0,
		0,
		0,
		0,
		0,
	},
	[57]=
	{
		57,
		70,
		3,
		0,
		0,
		0,
		0,
		0,
		0,
	},
	[58]=
	{
		58,
		75,
		3,
		0,
		0,
		0,
		0,
		0,
		0,
	},
	[59]=
	{
		59,
		80,
		3,
		0,
		0,
		0,
		0,
		0,
		0,
	},
	[60]=
	{
		60,
		85,
		3,
		0,
		0,
		0,
		0,
		0,
		0,
	},
	[61]=
	{
		61,
		90,
		3,
		0,
		0,
		0,
		0,
		0,
		0,
	},
	[62]=
	{
		62,
		95,
		3,
		0,
		0,
		0,
		0,
		0,
		0,
	},
	[63]=
	{
		63,
		100,
		3,
		0,
		0,
		0,
		0,
		0,
		0,
	},
	[64]=
	{
		64,
		999,
		3,
		0,
		0,
		0,
		0,
		0,
		0,
	},
	[65]=
	{
		65,
		1,
		4,
		0,
		0,
		0,
		0,
		0,
		0,
	},
	[66]=
	{
		66,
		5,
		4,
		0,
		0,
		0,
		0,
		0,
		0,
	},
	[67]=
	{
		67,
		10,
		4,
		0,
		0,
		0,
		0,
		0,
		0,
	},
	[68]=
	{
		68,
		15,
		4,
		0,
		0,
		0,
		0,
		0,
		0,
	},
	[69]=
	{
		69,
		20,
		4,
		0,
		0,
		0,
		0,
		0,
		0,
	},
	[70]=
	{
		70,
		25,
		4,
		0,
		0,
		0,
		0,
		0,
		0,
	},
	[71]=
	{
		71,
		30,
		4,
		0,
		0,
		0,
		0,
		0,
		0,
	},
	[72]=
	{
		72,
		35,
		4,
		0,
		0,
		0,
		0,
		0,
		0,
	},
	[73]=
	{
		73,
		40,
		4,
		0,
		0,
		0,
		0,
		0,
		0,
	},
	[74]=
	{
		74,
		45,
		4,
		0,
		0,
		0,
		0,
		0,
		0,
	},
	[75]=
	{
		75,
		50,
		4,
		0,
		0,
		0,
		0,
		0,
		0,
	},
	[76]=
	{
		76,
		55,
		4,
		0,
		0,
		0,
		0,
		0,
		0,
	},
	[77]=
	{
		77,
		60,
		4,
		0,
		0,
		0,
		0,
		0,
		0,
	},
	[78]=
	{
		78,
		65,
		4,
		0,
		0,
		0,
		0,
		0,
		0,
	},
	[79]=
	{
		79,
		70,
		4,
		0,
		0,
		0,
		0,
		0,
		0,
	},
	[80]=
	{
		80,
		75,
		4,
		0,
		0,
		0,
		0,
		0,
		0,
	},
	[81]=
	{
		81,
		80,
		4,
		0,
		0,
		0,
		0,
		0,
		0,
	},
	[82]=
	{
		82,
		85,
		4,
		0,
		0,
		0,
		0,
		0,
		0,
	},
	[83]=
	{
		83,
		90,
		4,
		0,
		0,
		0,
		0,
		0,
		0,
	},
	[84]=
	{
		84,
		95,
		4,
		0,
		0,
		0,
		0,
		0,
		0,
	},
	[85]=
	{
		85,
		100,
		4,
		0,
		0,
		0,
		0,
		0,
		0,
	},
	[86]=
	{
		86,
		1,
		5,
		0,
		0,
		0,
		0,
		0,
		0,
	},
	[87]=
	{
		87,
		5,
		5,
		0,
		0,
		0,
		0,
		0,
		0,
	},
	[88]=
	{
		88,
		10,
		5,
		0,
		0,
		0,
		0,
		0,
		0,
	},
	[89]=
	{
		89,
		15,
		5,
		0,
		0,
		0,
		0,
		0,
		0,
	},
	[90]=
	{
		90,
		20,
		5,
		0,
		0,
		0,
		0,
		0,
		0,
	},
	[91]=
	{
		91,
		25,
		5,
		0,
		0,
		0,
		0,
		0,
		0,
	},
	[92]=
	{
		92,
		30,
		5,
		0,
		0,
		0,
		0,
		0,
		0,
	},
	[93]=
	{
		93,
		35,
		5,
		0,
		0,
		0,
		0,
		0,
		0,
	},
	[94]=
	{
		94,
		40,
		5,
		0,
		0,
		0,
		0,
		0,
		0,
	},
	[95]=
	{
		95,
		45,
		5,
		0,
		0,
		0,
		0,
		0,
		0,
	},
	[96]=
	{
		96,
		50,
		5,
		0,
		0,
		0,
		0,
		0,
		0,
	},
	[97]=
	{
		97,
		55,
		5,
		0,
		0,
		0,
		0,
		0,
		0,
	},
	[98]=
	{
		98,
		60,
		5,
		0,
		0,
		0,
		0,
		0,
		0,
	},
	[99]=
	{
		99,
		65,
		5,
		0,
		0,
		0,
		0,
		0,
		0,
	},
	[100]=
	{
		100,
		70,
		5,
		0,
		0,
		0,
		0,
		0,
		0,
	},
	[101]=
	{
		101,
		75,
		5,
		0,
		0,
		0,
		0,
		0,
		0,
	},
	[102]=
	{
		102,
		80,
		5,
		0,
		0,
		0,
		0,
		0,
		0,
	},
	[103]=
	{
		103,
		85,
		5,
		0,
		0,
		0,
		0,
		0,
		0,
	},
	[104]=
	{
		104,
		90,
		5,
		0,
		0,
		0,
		0,
		0,
		0,
	},
	[105]=
	{
		105,
		95,
		5,
		0,
		0,
		0,
		0,
		0,
		0,
	},
	[106]=
	{
		106,
		100,
		5,
		0,
		0,
		0,
		0,
		0,
		0,
	},
	[107]=
	{
		107,
		1,
		6,
		0,
		0,
		0,
		0,
		0,
		0,
	},
	[108]=
	{
		108,
		5,
		6,
		0,
		0,
		0,
		0,
		0,
		0,
	},
	[109]=
	{
		109,
		10,
		6,
		0,
		0,
		0,
		0,
		0,
		0,
	},
	[110]=
	{
		110,
		15,
		6,
		0,
		0,
		0,
		0,
		0,
		0,
	},
	[111]=
	{
		111,
		20,
		6,
		0,
		0,
		0,
		0,
		0,
		0,
	},
	[112]=
	{
		112,
		25,
		6,
		0,
		0,
		0,
		0,
		0,
		0,
	},
	[113]=
	{
		113,
		30,
		6,
		0,
		0,
		0,
		0,
		0,
		0,
	},
	[114]=
	{
		114,
		35,
		6,
		0,
		0,
		0,
		0,
		0,
		0,
	},
	[115]=
	{
		115,
		40,
		6,
		0,
		0,
		0,
		0,
		0,
		0,
	},
	[116]=
	{
		116,
		45,
		6,
		0,
		0,
		0,
		0,
		0,
		0,
	},
	[117]=
	{
		117,
		50,
		6,
		0,
		0,
		0,
		0,
		0,
		0,
	},
	[118]=
	{
		118,
		55,
		6,
		0,
		0,
		0,
		0,
		0,
		0,
	},
	[119]=
	{
		119,
		60,
		6,
		0,
		0,
		0,
		0,
		0,
		0,
	},
	[120]=
	{
		120,
		65,
		6,
		0,
		0,
		0,
		0,
		0,
		0,
	},
	[121]=
	{
		121,
		70,
		6,
		0,
		0,
		0,
		0,
		0,
		0,
	},
	[122]=
	{
		122,
		75,
		6,
		0,
		0,
		0,
		0,
		0,
		0,
	},
	[123]=
	{
		123,
		80,
		6,
		0,
		0,
		0,
		0,
		0,
		0,
	},
	[124]=
	{
		124,
		85,
		6,
		0,
		0,
		0,
		0,
		0,
		0,
	},
	[125]=
	{
		125,
		90,
		6,
		0,
		0,
		0,
		0,
		0,
		0,
	},
	[126]=
	{
		126,
		95,
		6,
		0,
		0,
		0,
		0,
		0,
		0,
	},
	[127]=
	{
		127,
		100,
		6,
		0,
		0,
		0,
		0,
		0,
		0,
	},
	[128]=
	{
		128,
		1,
		7,
		0,
		0,
		0,
		0,
		0,
		0,
	},
	[129]=
	{
		129,
		5,
		7,
		0,
		0,
		0,
		0,
		0,
		0,
	},
	[130]=
	{
		130,
		10,
		7,
		0,
		0,
		0,
		0,
		0,
		0,
	},
	[131]=
	{
		131,
		15,
		7,
		0,
		0,
		0,
		0,
		0,
		0,
	},
	[132]=
	{
		132,
		20,
		7,
		0,
		0,
		0,
		0,
		0,
		0,
	},
	[133]=
	{
		133,
		25,
		7,
		0,
		0,
		0,
		0,
		0,
		0,
	},
	[134]=
	{
		134,
		30,
		7,
		0,
		0,
		0,
		0,
		0,
		0,
	},
	[135]=
	{
		135,
		35,
		7,
		0,
		0,
		0,
		0,
		0,
		0,
	},
	[136]=
	{
		136,
		40,
		7,
		0,
		0,
		0,
		0,
		0,
		0,
	},
	[137]=
	{
		137,
		45,
		7,
		0,
		0,
		0,
		0,
		0,
		0,
	},
	[138]=
	{
		138,
		50,
		7,
		0,
		0,
		0,
		0,
		0,
		0,
	},
	[139]=
	{
		139,
		55,
		7,
		0,
		0,
		0,
		0,
		0,
		0,
	},
	[140]=
	{
		140,
		60,
		7,
		0,
		0,
		0,
		0,
		0,
		0,
	},
	[141]=
	{
		141,
		65,
		7,
		0,
		0,
		0,
		0,
		0,
		0,
	},
	[142]=
	{
		142,
		70,
		7,
		0,
		0,
		0,
		0,
		0,
		0,
	},
	[143]=
	{
		143,
		75,
		7,
		0,
		0,
		0,
		0,
		0,
		0,
	},
	[144]=
	{
		144,
		80,
		7,
		0,
		0,
		0,
		0,
		0,
		0,
	},
	[145]=
	{
		145,
		85,
		7,
		0,
		0,
		0,
		0,
		0,
		0,
	},
	[146]=
	{
		146,
		90,
		7,
		0,
		0,
		0,
		0,
		0,
		0,
	},
	[147]=
	{
		147,
		95,
		7,
		0,
		0,
		0,
		0,
		0,
		0,
	},
	[148]=
	{
		148,
		100,
		7,
		0,
		0,
		0,
		0,
		0,
		0,
	},
	[149]=
	{
		149,
		1,
		8,
		0,
		0,
		0,
		0,
		0,
		0,
	},
	[150]=
	{
		150,
		5,
		8,
		0,
		0,
		0,
		0,
		0,
		0,
	},
	[151]=
	{
		151,
		10,
		8,
		0,
		0,
		0,
		0,
		0,
		0,
	},
	[152]=
	{
		152,
		15,
		8,
		0,
		0,
		0,
		0,
		0,
		0,
	},
	[153]=
	{
		153,
		20,
		8,
		0,
		0,
		0,
		0,
		0,
		0,
	},
	[154]=
	{
		154,
		25,
		8,
		0,
		0,
		0,
		0,
		0,
		0,
	},
	[155]=
	{
		155,
		30,
		8,
		0,
		0,
		0,
		0,
		0,
		0,
	},
	[156]=
	{
		156,
		35,
		8,
		0,
		0,
		0,
		0,
		0,
		0,
	},
	[157]=
	{
		157,
		40,
		8,
		0,
		0,
		0,
		0,
		0,
		0,
	},
	[158]=
	{
		158,
		45,
		8,
		0,
		0,
		0,
		0,
		0,
		0,
	},
	[159]=
	{
		159,
		50,
		8,
		0,
		0,
		0,
		0,
		0,
		0,
	},
	[160]=
	{
		160,
		55,
		8,
		0,
		0,
		0,
		0,
		0,
		0,
	},
	[161]=
	{
		161,
		60,
		8,
		0,
		0,
		0,
		0,
		0,
		0,
	},
	[162]=
	{
		162,
		65,
		8,
		0,
		0,
		0,
		0,
		0,
		0,
	},
	[163]=
	{
		163,
		70,
		8,
		0,
		0,
		0,
		0,
		0,
		0,
	},
	[164]=
	{
		164,
		75,
		8,
		0,
		0,
		0,
		0,
		0,
		0,
	},
	[165]=
	{
		165,
		80,
		8,
		0,
		0,
		0,
		0,
		0,
		0,
	},
	[166]=
	{
		166,
		85,
		8,
		0,
		0,
		0,
		0,
		0,
		0,
	},
	[167]=
	{
		167,
		90,
		8,
		0,
		0,
		0,
		0,
		0,
		0,
	},
	[168]=
	{
		168,
		95,
		8,
		0,
		0,
		0,
		0,
		0,
		0,
	},
	[169]=
	{
		169,
		100,
		8,
		0,
		0,
		0,
		0,
		0,
		0,
	},
	[170]=
	{
		170,
		1,
		9,
		0,
		0,
		0,
		0,
		0,
		0,
	},
	[171]=
	{
		171,
		5,
		9,
		0,
		0,
		0,
		0,
		0,
		0,
	},
	[172]=
	{
		172,
		10,
		9,
		0,
		0,
		0,
		0,
		0,
		0,
	},
	[173]=
	{
		173,
		15,
		9,
		0,
		0,
		0,
		0,
		0,
		0,
	},
	[174]=
	{
		174,
		20,
		9,
		0,
		0,
		0,
		0,
		0,
		0,
	},
	[175]=
	{
		175,
		25,
		9,
		0,
		0,
		0,
		0,
		0,
		0,
	},
	[176]=
	{
		176,
		30,
		9,
		0,
		0,
		0,
		0,
		0,
		0,
	},
	[177]=
	{
		177,
		35,
		9,
		0,
		0,
		0,
		0,
		0,
		0,
	},
	[178]=
	{
		178,
		40,
		9,
		0,
		0,
		0,
		0,
		0,
		0,
	},
	[179]=
	{
		179,
		45,
		9,
		0,
		0,
		0,
		0,
		0,
		0,
	},
	[180]=
	{
		180,
		50,
		9,
		0,
		0,
		0,
		0,
		0,
		0,
	},
	[181]=
	{
		181,
		55,
		9,
		0,
		0,
		0,
		0,
		0,
		0,
	},
	[182]=
	{
		182,
		60,
		9,
		0,
		0,
		0,
		0,
		0,
		0,
	},
	[183]=
	{
		183,
		65,
		9,
		0,
		0,
		0,
		0,
		0,
		0,
	},
	[184]=
	{
		184,
		70,
		9,
		0,
		0,
		0,
		0,
		0,
		0,
	},
	[185]=
	{
		185,
		75,
		9,
		0,
		0,
		0,
		0,
		0,
		0,
	},
	[186]=
	{
		186,
		80,
		9,
		0,
		0,
		0,
		0,
		0,
		0,
	},
	[187]=
	{
		187,
		85,
		9,
		0,
		0,
		0,
		0,
		0,
		0,
	},
	[188]=
	{
		188,
		90,
		9,
		0,
		0,
		0,
		0,
		0,
		0,
	},
	[189]=
	{
		189,
		95,
		9,
		0,
		0,
		0,
		0,
		0,
		0,
	},
	[190]=
	{
		190,
		100,
		9,
		0,
		0,
		0,
		0,
		0,
		0,
	},
	[191]=
	{
		191,
		1,
		10,
		0,
		0,
		0,
		0,
		0,
		0,
	},
	[192]=
	{
		192,
		5,
		10,
		0,
		0,
		0,
		0,
		0,
		0,
	},
	[193]=
	{
		193,
		10,
		10,
		0,
		0,
		0,
		0,
		0,
		0,
	},
	[194]=
	{
		194,
		15,
		10,
		0,
		0,
		0,
		0,
		0,
		0,
	},
	[195]=
	{
		195,
		20,
		10,
		0,
		0,
		0,
		0,
		0,
		0,
	},
	[196]=
	{
		196,
		25,
		10,
		0,
		0,
		0,
		0,
		0,
		0,
	},
	[197]=
	{
		197,
		30,
		10,
		0,
		0,
		0,
		0,
		0,
		0,
	},
	[198]=
	{
		198,
		35,
		10,
		0,
		0,
		0,
		0,
		0,
		0,
	},
	[199]=
	{
		199,
		40,
		10,
		0,
		0,
		0,
		0,
		0,
		0,
	},
	[200]=
	{
		200,
		45,
		10,
		0,
		0,
		0,
		0,
		0,
		0,
	},
	[201]=
	{
		201,
		50,
		10,
		0,
		0,
		0,
		0,
		0,
		0,
	},
	[202]=
	{
		202,
		55,
		10,
		0,
		0,
		0,
		0,
		0,
		0,
	},
	[203]=
	{
		203,
		60,
		10,
		0,
		0,
		0,
		0,
		0,
		0,
	},
	[204]=
	{
		204,
		65,
		10,
		0,
		0,
		0,
		0,
		0,
		0,
	},
	[205]=
	{
		205,
		70,
		10,
		0,
		0,
		0,
		0,
		0,
		0,
	},
	[206]=
	{
		206,
		75,
		10,
		0,
		0,
		0,
		0,
		0,
		0,
	},
	[207]=
	{
		207,
		80,
		10,
		0,
		0,
		0,
		0,
		0,
		0,
	},
	[208]=
	{
		208,
		85,
		10,
		0,
		0,
		0,
		0,
		0,
		0,
	},
	[209]=
	{
		209,
		90,
		10,
		0,
		0,
		0,
		0,
		0,
		0,
	},
	[210]=
	{
		210,
		95,
		10,
		0,
		0,
		0,
		0,
		0,
		0,
	},
	[211]=
	{
		211,
		100,
		10,
		0,
		0,
		0,
		0,
		0,
		0,
	},
	[212]=
	{
		212,
		1,
		2001,
		6000001,
		1,
		6000002,
		1,
		0,
		0,
	},
	[213]=
	{
		213,
		5,
		2001,
		6000001,
		1,
		6000002,
		1,
		0,
		0,
	},
	[214]=
	{
		214,
		10,
		2001,
		6000001,
		1,
		6000002,
		1,
		0,
		0,
	},
	[215]=
	{
		215,
		15,
		2001,
		6000001,
		1,
		6000002,
		1,
		0,
		0,
	},
	[216]=
	{
		216,
		20,
		2001,
		6000001,
		1,
		6000002,
		1,
		0,
		0,
	},
	[217]=
	{
		217,
		25,
		2001,
		6000001,
		1,
		6000002,
		1,
		0,
		0,
	},
	[218]=
	{
		218,
		30,
		2001,
		6000001,
		1,
		6000002,
		1,
		0,
		0,
	},
	[219]=
	{
		219,
		35,
		2001,
		6000001,
		1,
		6000002,
		1,
		0,
		0,
	},
	[220]=
	{
		220,
		40,
		2001,
		6000001,
		1,
		6000002,
		1,
		0,
		0,
	},
	[221]=
	{
		221,
		45,
		2001,
		6000001,
		1,
		6000002,
		1,
		0,
		0,
	},
	[222]=
	{
		222,
		50,
		2001,
		6000001,
		1,
		6000002,
		1,
		0,
		0,
	},
	[223]=
	{
		223,
		55,
		2001,
		6000001,
		1,
		6000002,
		1,
		0,
		0,
	},
	[224]=
	{
		224,
		60,
		2001,
		6000001,
		1,
		6000002,
		1,
		0,
		0,
	},
	[225]=
	{
		225,
		65,
		2001,
		6000001,
		1,
		6000002,
		1,
		0,
		0,
	},
	[226]=
	{
		226,
		70,
		2001,
		6000001,
		1,
		6000002,
		1,
		0,
		0,
	},
	[227]=
	{
		227,
		75,
		2001,
		6000001,
		1,
		6000002,
		1,
		0,
		0,
	},
	[228]=
	{
		228,
		80,
		2001,
		6000001,
		1,
		6000002,
		1,
		0,
		0,
	},
	[229]=
	{
		229,
		85,
		2001,
		6000001,
		1,
		6000002,
		1,
		0,
		0,
	},
	[230]=
	{
		230,
		90,
		2001,
		6000001,
		1,
		6000002,
		1,
		0,
		0,
	},
	[231]=
	{
		231,
		95,
		2001,
		6000001,
		1,
		6000002,
		1,
		0,
		0,
	},
	[232]=
	{
		232,
		100,
		2001,
		6000001,
		1,
		6000002,
		1,
		0,
		0,
	},

}

do
    MT(KeyMap, MondropList)
end

return MondropList
