
local KeyMap = {
	ID = 1,
	ConditionID = 2,
	MonLevel = 3,
	CopyID = 4,
	CopyType = 5,
	MonPos1 = 6,
	MonPos2 = 7,
	MonPos3 = 8,
	MonPos4 = 9,
	MonPos5 = 10,
	MonPos6 = 11,
	MonPos7 = 12,
	MonPos8 = 13,
	MonPos9 = 14,
	MonPos10 = 15,
	TimeLimit = 16,
	CommonAward = 17,
	CommonAwardNum = 18,

}

local R = {
	_1 = {104101,101001,1},
}

local TowerCopyList = 
{
	[1]=
	{
		1,
		0,
		2100,
		80001,
		1,
		800111,
		0,
		800111,
		0,
		800111,
		800122,
		0,
		800121,
		0,
		800122,
		60,
		R._1,
		{8,100,10000},
	},
	[2]=
	{
		2,
		0,
		2200,
		80001,
		1,
		800212,
		800212,
		800211,
		800212,
		800212,
		800221,
		800222,
		800221,
		800222,
		800221,
		60,
		R._1,
		{8,100,10100},
	},
	[3]=
	{
		3,
		0,
		2300,
		80001,
		1,
		800312,
		800312,
		800311,
		800312,
		800312,
		800321,
		800322,
		800321,
		800322,
		800321,
		60,
		R._1,
		{8,100,10200},
	},
	[4]=
	{
		4,
		0,
		2400,
		80001,
		1,
		800411,
		800412,
		0,
		800411,
		800412,
		800422,
		800421,
		800422,
		800421,
		800422,
		60,
		R._1,
		{8,100,10300},
	},
	[5]=
	{
		5,
		0,
		2500,
		80001,
		2,
		0,
		0,
		800511,
		0,
		0,
		0,
		0,
		0,
		0,
		0,
		90,
		R._1,
		{8,100,10400},
	},
	[6]=
	{
		6,
		0,
		2700,
		80001,
		1,
		800611,
		0,
		800611,
		0,
		800611,
		800622,
		0,
		800621,
		0,
		800622,
		60,
		R._1,
		{8,104,10500},
	},
	[7]=
	{
		7,
		0,
		2900,
		80001,
		1,
		800712,
		800712,
		800711,
		800712,
		800712,
		800721,
		800722,
		800721,
		800722,
		800721,
		60,
		R._1,
		{8,104,10600},
	},
	[8]=
	{
		8,
		0,
		3000,
		80001,
		1,
		800812,
		800812,
		800811,
		800812,
		800812,
		800821,
		800822,
		800821,
		800822,
		800821,
		60,
		R._1,
		{8,104,10700},
	},
	[9]=
	{
		9,
		0,
		3001,
		80001,
		1,
		800911,
		800912,
		0,
		800911,
		800912,
		800922,
		800921,
		800922,
		800921,
		800922,
		60,
		R._1,
		{8,104,10800},
	},
	[10]=
	{
		10,
		0,
		3100,
		80001,
		2,
		0,
		0,
		801011,
		0,
		0,
		0,
		0,
		0,
		0,
		0,
		90,
		R._1,
		{8,104,10900},
	},
	[11]=
	{
		11,
		200001,
		3101,
		80001,
		1,
		801111,
		0,
		801111,
		0,
		801111,
		801122,
		0,
		801121,
		0,
		801122,
		60,
		R._1,
		{9,108,11000},
	},
	[12]=
	{
		12,
		200001,
		3200,
		80001,
		1,
		801212,
		801212,
		801211,
		801212,
		801212,
		801221,
		801222,
		801221,
		801222,
		801221,
		60,
		R._1,
		{9,108,11100},
	},
	[13]=
	{
		13,
		200001,
		3201,
		80001,
		1,
		801312,
		801312,
		801311,
		801312,
		801312,
		801321,
		801322,
		801321,
		801322,
		801321,
		60,
		R._1,
		{9,108,11200},
	},
	[14]=
	{
		14,
		200001,
		3300,
		80001,
		1,
		801411,
		801412,
		0,
		801411,
		801412,
		801422,
		801421,
		801422,
		801421,
		801422,
		60,
		R._1,
		{9,108,11300},
	},
	[15]=
	{
		15,
		200001,
		3301,
		80001,
		2,
		0,
		0,
		801511,
		0,
		0,
		0,
		0,
		0,
		0,
		0,
		90,
		R._1,
		{9,108,11400},
	},
	[16]=
	{
		16,
		200001,
		3400,
		80001,
		1,
		801611,
		0,
		801611,
		0,
		801611,
		801622,
		0,
		801621,
		0,
		801622,
		60,
		R._1,
		{9,112,11500},
	},
	[17]=
	{
		17,
		200001,
		3401,
		80001,
		1,
		801712,
		801712,
		801711,
		801712,
		801712,
		801721,
		801722,
		801721,
		801722,
		801721,
		60,
		R._1,
		{9,112,11600},
	},
	[18]=
	{
		18,
		200001,
		3500,
		80001,
		1,
		801812,
		801812,
		801811,
		801812,
		801812,
		801821,
		801822,
		801821,
		801822,
		801821,
		60,
		R._1,
		{9,112,11700},
	},
	[19]=
	{
		19,
		200001,
		3501,
		80001,
		1,
		801911,
		801912,
		0,
		801911,
		801912,
		801922,
		801921,
		801922,
		801921,
		801922,
		60,
		R._1,
		{9,112,11800},
	},
	[20]=
	{
		20,
		200001,
		3600,
		80001,
		2,
		0,
		0,
		802011,
		0,
		0,
		0,
		0,
		0,
		0,
		0,
		90,
		R._1,
		{9,112,11900},
	},
	[21]=
	{
		21,
		200001,
		3601,
		80001,
		1,
		802111,
		0,
		802111,
		0,
		802111,
		802122,
		0,
		802121,
		0,
		802122,
		60,
		R._1,
		{10,116,12000},
	},
	[22]=
	{
		22,
		200001,
		3700,
		80001,
		1,
		802212,
		802212,
		802211,
		802212,
		802212,
		802221,
		802222,
		802221,
		802222,
		802221,
		60,
		R._1,
		{10,116,12100},
	},
	[23]=
	{
		23,
		200001,
		3701,
		80001,
		1,
		802312,
		802312,
		802311,
		802312,
		802312,
		802321,
		802322,
		802321,
		802322,
		802321,
		60,
		R._1,
		{10,116,12200},
	},
	[24]=
	{
		24,
		200001,
		3800,
		80001,
		1,
		802411,
		802412,
		0,
		802411,
		802412,
		802422,
		802421,
		802422,
		802421,
		802422,
		60,
		R._1,
		{10,116,12300},
	},
	[25]=
	{
		25,
		200001,
		3801,
		80001,
		2,
		0,
		0,
		802511,
		0,
		0,
		0,
		0,
		0,
		0,
		0,
		90,
		R._1,
		{10,116,12400},
	},
	[26]=
	{
		26,
		200001,
		3900,
		80001,
		1,
		802611,
		0,
		802611,
		0,
		802611,
		802622,
		0,
		802621,
		0,
		802622,
		60,
		R._1,
		{10,120,12500},
	},
	[27]=
	{
		27,
		200001,
		3901,
		80001,
		1,
		802712,
		802712,
		802711,
		802712,
		802712,
		802721,
		802722,
		802721,
		802722,
		802721,
		60,
		R._1,
		{10,120,12600},
	},
	[28]=
	{
		28,
		200001,
		3902,
		80001,
		1,
		802812,
		802812,
		802811,
		802812,
		802812,
		802821,
		802822,
		802821,
		802822,
		802821,
		60,
		R._1,
		{10,120,12700},
	},
	[29]=
	{
		29,
		200001,
		3903,
		80001,
		1,
		802911,
		802912,
		0,
		802911,
		802912,
		802922,
		802921,
		802922,
		802921,
		802922,
		60,
		R._1,
		{10,120,12800},
	},
	[30]=
	{
		30,
		200001,
		3904,
		80001,
		2,
		0,
		0,
		803011,
		0,
		0,
		0,
		0,
		0,
		0,
		0,
		90,
		R._1,
		{10,120,12900},
	},
	[31]=
	{
		31,
		200002,
		4000,
		80001,
		1,
		801611,
		0,
		801611,
		0,
		801611,
		801622,
		0,
		801621,
		0,
		801622,
		60,
		R._1,
		{11,140,13000},
	},
	[32]=
	{
		32,
		200002,
		4001,
		80001,
		1,
		801712,
		801712,
		801711,
		801712,
		801712,
		801721,
		801722,
		801721,
		801722,
		801721,
		60,
		R._1,
		{11,140,13130},
	},
	[33]=
	{
		33,
		200002,
		4002,
		80001,
		1,
		801812,
		801812,
		801811,
		801812,
		801812,
		801821,
		801822,
		801821,
		801822,
		801821,
		60,
		R._1,
		{11,140,13260},
	},
	[34]=
	{
		34,
		200002,
		4100,
		80001,
		1,
		801911,
		801912,
		0,
		801911,
		801912,
		801922,
		801921,
		801922,
		801921,
		801922,
		60,
		R._1,
		{11,140,13390},
	},
	[35]=
	{
		35,
		200002,
		4101,
		80001,
		2,
		0,
		0,
		802011,
		0,
		0,
		0,
		0,
		0,
		0,
		0,
		90,
		R._1,
		{11,140,13520},
	},
	[36]=
	{
		36,
		200002,
		4102,
		80001,
		1,
		802111,
		0,
		802111,
		0,
		802111,
		802122,
		0,
		802121,
		0,
		802122,
		60,
		R._1,
		{11,144,13650},
	},
	[37]=
	{
		37,
		200002,
		4200,
		80001,
		1,
		802212,
		802212,
		802211,
		802212,
		802212,
		802221,
		802222,
		802221,
		802222,
		802221,
		60,
		R._1,
		{11,144,13780},
	},
	[38]=
	{
		38,
		200002,
		4201,
		80001,
		1,
		802312,
		802312,
		802311,
		802312,
		802312,
		802321,
		802322,
		802321,
		802322,
		802321,
		60,
		R._1,
		{11,144,13910},
	},
	[39]=
	{
		39,
		200002,
		4202,
		80001,
		1,
		802411,
		802412,
		0,
		802411,
		802412,
		802422,
		802421,
		802422,
		802421,
		802422,
		60,
		R._1,
		{11,144,14040},
	},
	[40]=
	{
		40,
		200002,
		4300,
		80001,
		2,
		0,
		0,
		802511,
		0,
		0,
		0,
		0,
		0,
		0,
		0,
		90,
		R._1,
		{11,144,14170},
	},
	[41]=
	{
		41,
		200002,
		4301,
		80001,
		1,
		802611,
		0,
		802611,
		0,
		802611,
		802622,
		0,
		802621,
		0,
		802622,
		60,
		R._1,
		{12,148,14300},
	},
	[42]=
	{
		42,
		200002,
		4302,
		80001,
		1,
		802712,
		802712,
		802711,
		802712,
		802712,
		802721,
		802722,
		802721,
		802722,
		802721,
		60,
		R._1,
		{12,148,14430},
	},
	[43]=
	{
		43,
		200002,
		4400,
		80001,
		1,
		802812,
		802812,
		802811,
		802812,
		802812,
		802821,
		802822,
		802821,
		802822,
		802821,
		60,
		R._1,
		{12,148,14560},
	},
	[44]=
	{
		44,
		200002,
		4401,
		80001,
		1,
		802911,
		802912,
		0,
		802911,
		802912,
		802922,
		802921,
		802922,
		802921,
		802922,
		60,
		R._1,
		{12,148,14690},
	},
	[45]=
	{
		45,
		200002,
		4402,
		80001,
		2,
		0,
		0,
		803011,
		0,
		0,
		0,
		0,
		0,
		0,
		0,
		90,
		R._1,
		{12,148,14820},
	},
	[46]=
	{
		46,
		200002,
		4500,
		80001,
		1,
		803111,
		0,
		803111,
		0,
		803111,
		803122,
		0,
		803121,
		0,
		803122,
		60,
		R._1,
		{12,152,14950},
	},
	[47]=
	{
		47,
		200002,
		4501,
		80001,
		1,
		803212,
		803212,
		803211,
		803212,
		803212,
		803221,
		803222,
		803221,
		803222,
		803221,
		60,
		R._1,
		{12,152,15080},
	},
	[48]=
	{
		48,
		200002,
		4502,
		80001,
		1,
		803312,
		803312,
		803311,
		803312,
		803312,
		803321,
		803322,
		803321,
		803322,
		803321,
		60,
		R._1,
		{12,152,15210},
	},
	[49]=
	{
		49,
		200002,
		4600,
		80001,
		1,
		803411,
		803412,
		0,
		803411,
		803412,
		803422,
		803421,
		803422,
		803421,
		803422,
		60,
		R._1,
		{12,152,15340},
	},
	[50]=
	{
		50,
		200002,
		4601,
		80001,
		2,
		0,
		0,
		803511,
		0,
		0,
		0,
		0,
		0,
		0,
		0,
		90,
		R._1,
		{12,152,15470},
	},
	[51]=
	{
		51,
		200002,
		4602,
		80001,
		1,
		803611,
		0,
		803611,
		0,
		803611,
		803622,
		0,
		803621,
		0,
		803622,
		60,
		R._1,
		{13,156,15600},
	},
	[52]=
	{
		52,
		200002,
		4700,
		80001,
		1,
		803712,
		803712,
		803711,
		803712,
		803712,
		803721,
		803722,
		803721,
		803722,
		803721,
		60,
		R._1,
		{13,156,15730},
	},
	[53]=
	{
		53,
		200002,
		4701,
		80001,
		1,
		803812,
		803812,
		803811,
		803812,
		803812,
		803821,
		803822,
		803821,
		803822,
		803821,
		60,
		R._1,
		{13,156,15860},
	},
	[54]=
	{
		54,
		200002,
		4702,
		80001,
		1,
		803911,
		803912,
		0,
		803911,
		803912,
		0,
		0,
		803921,
		0,
		0,
		60,
		R._1,
		{13,156,15990},
	},
	[55]=
	{
		55,
		200002,
		4800,
		80001,
		2,
		0,
		0,
		804011,
		0,
		0,
		0,
		0,
		0,
		0,
		0,
		90,
		R._1,
		{13,156,16120},
	},
	[56]=
	{
		56,
		200002,
		4801,
		80001,
		1,
		804111,
		0,
		804111,
		0,
		804111,
		804122,
		0,
		804121,
		0,
		804122,
		60,
		R._1,
		{13,160,16250},
	},
	[57]=
	{
		57,
		200002,
		4802,
		80001,
		1,
		804212,
		804212,
		804211,
		804212,
		804212,
		804221,
		804222,
		804221,
		804222,
		804221,
		60,
		R._1,
		{13,160,16380},
	},
	[58]=
	{
		58,
		200002,
		4900,
		80001,
		1,
		804312,
		804312,
		804311,
		804312,
		804312,
		804321,
		804322,
		804321,
		804322,
		804321,
		60,
		R._1,
		{13,160,16510},
	},
	[59]=
	{
		59,
		200002,
		4901,
		80001,
		1,
		804411,
		804412,
		0,
		804411,
		804412,
		0,
		0,
		804421,
		0,
		0,
		60,
		R._1,
		{13,160,16640},
	},
	[60]=
	{
		60,
		200002,
		4902,
		80001,
		2,
		0,
		0,
		804511,
		0,
		0,
		0,
		0,
		0,
		0,
		0,
		90,
		R._1,
		{13,160,16770},
	},
	[61]=
	{
		61,
		200003,
		5000,
		80001,
		1,
		803111,
		0,
		803111,
		0,
		803111,
		803122,
		0,
		803121,
		0,
		803122,
		60,
		R._1,
		{14,180,16000},
	},
	[62]=
	{
		62,
		200003,
		5001,
		80001,
		1,
		803212,
		803212,
		803211,
		803212,
		803212,
		803221,
		803222,
		803221,
		803222,
		803221,
		60,
		R._1,
		{14,180,16160},
	},
	[63]=
	{
		63,
		200003,
		5002,
		80001,
		1,
		803312,
		803312,
		803311,
		803312,
		803312,
		803321,
		803322,
		803321,
		803322,
		803321,
		60,
		R._1,
		{14,180,16320},
	},
	[64]=
	{
		64,
		200003,
		5100,
		80001,
		1,
		803411,
		803412,
		0,
		803411,
		803412,
		803422,
		803421,
		803422,
		803421,
		803422,
		60,
		R._1,
		{14,180,16480},
	},
	[65]=
	{
		65,
		200003,
		5101,
		80001,
		2,
		0,
		0,
		803511,
		0,
		0,
		0,
		0,
		0,
		0,
		0,
		90,
		R._1,
		{14,180,16640},
	},
	[66]=
	{
		66,
		200003,
		5102,
		80001,
		1,
		803611,
		0,
		803611,
		0,
		803611,
		803622,
		0,
		803621,
		0,
		803622,
		60,
		R._1,
		{14,186,16800},
	},
	[67]=
	{
		67,
		200003,
		5200,
		80001,
		1,
		803712,
		803712,
		803711,
		803712,
		803712,
		803721,
		803722,
		803721,
		803722,
		803721,
		60,
		R._1,
		{14,186,16960},
	},
	[68]=
	{
		68,
		200003,
		5201,
		80001,
		1,
		803812,
		803812,
		803811,
		803812,
		803812,
		803821,
		803822,
		803821,
		803822,
		803821,
		60,
		R._1,
		{14,186,17120},
	},
	[69]=
	{
		69,
		200003,
		5202,
		80001,
		1,
		803911,
		803912,
		0,
		803911,
		803912,
		0,
		0,
		803921,
		0,
		0,
		60,
		R._1,
		{14,186,17280},
	},
	[70]=
	{
		70,
		200003,
		5300,
		80001,
		2,
		0,
		0,
		804011,
		0,
		0,
		0,
		0,
		0,
		0,
		0,
		90,
		R._1,
		{14,186,17440},
	},
	[71]=
	{
		71,
		200003,
		5301,
		80001,
		1,
		804111,
		0,
		804111,
		0,
		804111,
		804122,
		0,
		804121,
		0,
		804122,
		60,
		R._1,
		{15,192,17600},
	},
	[72]=
	{
		72,
		200003,
		5302,
		80001,
		1,
		804212,
		804212,
		804211,
		804212,
		804212,
		804221,
		804222,
		804221,
		804222,
		804221,
		60,
		R._1,
		{15,192,17760},
	},
	[73]=
	{
		73,
		200003,
		5400,
		80001,
		1,
		804312,
		804312,
		804311,
		804312,
		804312,
		804321,
		804322,
		804321,
		804322,
		804321,
		60,
		R._1,
		{15,192,17920},
	},
	[74]=
	{
		74,
		200003,
		5401,
		80001,
		1,
		804411,
		804412,
		0,
		804411,
		804412,
		0,
		0,
		804421,
		0,
		0,
		60,
		R._1,
		{15,192,18080},
	},
	[75]=
	{
		75,
		200003,
		5402,
		80001,
		2,
		0,
		0,
		804511,
		0,
		0,
		0,
		0,
		0,
		0,
		0,
		90,
		R._1,
		{15,192,18240},
	},
	[76]=
	{
		76,
		200003,
		5500,
		80001,
		1,
		804611,
		0,
		804611,
		0,
		804611,
		804622,
		0,
		804621,
		0,
		804622,
		60,
		R._1,
		{15,198,18400},
	},
	[77]=
	{
		77,
		200003,
		5501,
		80001,
		1,
		804712,
		804712,
		804711,
		804712,
		804712,
		804721,
		804722,
		804721,
		804722,
		804721,
		60,
		R._1,
		{15,198,18560},
	},
	[78]=
	{
		78,
		200003,
		5502,
		80001,
		1,
		804812,
		804812,
		804811,
		804812,
		804812,
		804821,
		804822,
		804821,
		804822,
		804821,
		60,
		R._1,
		{15,198,18720},
	},
	[79]=
	{
		79,
		200003,
		5600,
		80001,
		1,
		804911,
		804912,
		0,
		804911,
		804912,
		0,
		0,
		804921,
		0,
		0,
		60,
		R._1,
		{15,198,18880},
	},
	[80]=
	{
		80,
		200003,
		5601,
		80001,
		2,
		0,
		0,
		805011,
		0,
		0,
		0,
		0,
		0,
		0,
		0,
		90,
		R._1,
		{15,198,19040},
	},
	[81]=
	{
		81,
		200003,
		5602,
		80001,
		1,
		805111,
		0,
		805111,
		0,
		805111,
		805122,
		0,
		805121,
		0,
		805122,
		60,
		R._1,
		{16,204,19200},
	},
	[82]=
	{
		82,
		200003,
		5700,
		80001,
		1,
		805212,
		805212,
		805211,
		805212,
		805212,
		805221,
		805222,
		805221,
		805222,
		805221,
		60,
		R._1,
		{16,204,19360},
	},
	[83]=
	{
		83,
		200003,
		5701,
		80001,
		1,
		805312,
		805312,
		805311,
		805312,
		805312,
		805321,
		805322,
		805321,
		805322,
		805321,
		60,
		R._1,
		{16,204,19520},
	},
	[84]=
	{
		84,
		200003,
		5702,
		80001,
		1,
		805411,
		805412,
		0,
		805411,
		805412,
		0,
		0,
		805421,
		0,
		0,
		60,
		R._1,
		{16,204,19680},
	},
	[85]=
	{
		85,
		200003,
		5800,
		80001,
		2,
		0,
		0,
		805511,
		0,
		0,
		0,
		0,
		0,
		0,
		0,
		90,
		R._1,
		{16,204,19840},
	},
	[86]=
	{
		86,
		200003,
		5801,
		80001,
		1,
		805611,
		0,
		805611,
		0,
		805611,
		805622,
		0,
		805621,
		0,
		805622,
		60,
		R._1,
		{16,210,20000},
	},
	[87]=
	{
		87,
		200003,
		5802,
		80001,
		1,
		805712,
		805712,
		805711,
		805712,
		805712,
		805721,
		805722,
		805721,
		805722,
		805721,
		60,
		R._1,
		{16,210,20160},
	},
	[88]=
	{
		88,
		200003,
		5900,
		80001,
		1,
		805812,
		805812,
		805811,
		805812,
		805812,
		805821,
		805822,
		805821,
		805822,
		805821,
		60,
		R._1,
		{16,210,20320},
	},
	[89]=
	{
		89,
		200003,
		5901,
		80001,
		1,
		805911,
		805912,
		0,
		805911,
		805912,
		0,
		0,
		805921,
		0,
		0,
		60,
		R._1,
		{16,210,20480},
	},
	[90]=
	{
		90,
		200003,
		5902,
		80001,
		2,
		0,
		0,
		806011,
		0,
		0,
		0,
		0,
		0,
		0,
		0,
		90,
		R._1,
		{16,210,20640},
	},
	[91]=
	{
		91,
		200004,
		6000,
		80001,
		1,
		804611,
		0,
		804611,
		0,
		804611,
		804622,
		0,
		804621,
		0,
		804622,
		60,
		R._1,
		{17,220,19000},
	},
	[92]=
	{
		92,
		200004,
		6001,
		80001,
		1,
		804712,
		804712,
		804711,
		804712,
		804712,
		804721,
		804722,
		804721,
		804722,
		804721,
		60,
		R._1,
		{17,220,19135},
	},
	[93]=
	{
		93,
		200004,
		6002,
		80001,
		1,
		804812,
		804812,
		804811,
		804812,
		804812,
		804821,
		804822,
		804821,
		804822,
		804821,
		60,
		R._1,
		{17,220,19270},
	},
	[94]=
	{
		94,
		200004,
		6100,
		80001,
		1,
		804911,
		804912,
		0,
		804911,
		804912,
		0,
		0,
		804921,
		0,
		0,
		60,
		R._1,
		{17,220,19405},
	},
	[95]=
	{
		95,
		200004,
		6101,
		80001,
		2,
		0,
		0,
		805011,
		0,
		0,
		0,
		0,
		0,
		0,
		0,
		90,
		R._1,
		{17,220,19540},
	},
	[96]=
	{
		96,
		200004,
		6102,
		80001,
		1,
		805111,
		0,
		805111,
		0,
		805111,
		805122,
		0,
		805121,
		0,
		805122,
		60,
		R._1,
		{17,226,19675},
	},
	[97]=
	{
		97,
		200004,
		6200,
		80001,
		1,
		805212,
		805212,
		805211,
		805212,
		805212,
		805221,
		805222,
		805221,
		805222,
		805221,
		60,
		R._1,
		{17,226,19810},
	},
	[98]=
	{
		98,
		200004,
		6201,
		80001,
		1,
		805312,
		805312,
		805311,
		805312,
		805312,
		805321,
		805322,
		805321,
		805322,
		805321,
		60,
		R._1,
		{17,226,19945},
	},
	[99]=
	{
		99,
		200004,
		6202,
		80001,
		1,
		805411,
		805412,
		0,
		805411,
		805412,
		0,
		0,
		805421,
		0,
		0,
		60,
		R._1,
		{17,226,20080},
	},
	[100]=
	{
		100,
		200004,
		6300,
		80001,
		2,
		0,
		0,
		805511,
		0,
		0,
		0,
		0,
		0,
		0,
		0,
		90,
		R._1,
		{17,226,20215},
	},
	[101]=
	{
		101,
		200004,
		6301,
		80001,
		1,
		805611,
		0,
		805611,
		0,
		805611,
		805622,
		0,
		805621,
		0,
		805622,
		60,
		R._1,
		{18,232,20350},
	},
	[102]=
	{
		102,
		200004,
		6302,
		80001,
		1,
		805712,
		805712,
		805711,
		805712,
		805712,
		805721,
		805722,
		805721,
		805722,
		805721,
		60,
		R._1,
		{18,232,20485},
	},
	[103]=
	{
		103,
		200004,
		6400,
		80001,
		1,
		805812,
		805812,
		805811,
		805812,
		805812,
		805821,
		805822,
		805821,
		805822,
		805821,
		60,
		R._1,
		{18,232,20620},
	},
	[104]=
	{
		104,
		200004,
		6401,
		80001,
		1,
		805911,
		805912,
		0,
		805911,
		805912,
		0,
		0,
		805921,
		0,
		0,
		60,
		R._1,
		{18,232,20755},
	},
	[105]=
	{
		105,
		200004,
		6402,
		80001,
		2,
		0,
		0,
		806011,
		0,
		0,
		0,
		0,
		0,
		0,
		0,
		90,
		R._1,
		{18,232,20890},
	},
	[106]=
	{
		106,
		200004,
		6500,
		80001,
		1,
		806111,
		0,
		806111,
		0,
		806111,
		806122,
		0,
		806121,
		0,
		806122,
		60,
		R._1,
		{18,238,21025},
	},
	[107]=
	{
		107,
		200004,
		6501,
		80001,
		1,
		806212,
		806212,
		806211,
		806212,
		806212,
		806221,
		806222,
		806221,
		806222,
		806221,
		60,
		R._1,
		{18,238,21160},
	},
	[108]=
	{
		108,
		200004,
		6502,
		80001,
		1,
		806312,
		806312,
		806311,
		806312,
		806312,
		806321,
		806322,
		806321,
		806322,
		806321,
		60,
		R._1,
		{18,238,21295},
	},
	[109]=
	{
		109,
		200004,
		6600,
		80001,
		1,
		806411,
		806412,
		0,
		806411,
		806412,
		0,
		0,
		806421,
		0,
		0,
		60,
		R._1,
		{18,238,21430},
	},
	[110]=
	{
		110,
		200004,
		6601,
		80001,
		2,
		0,
		0,
		806511,
		0,
		0,
		0,
		0,
		0,
		0,
		0,
		90,
		R._1,
		{18,238,21565},
	},
	[111]=
	{
		111,
		200004,
		6602,
		80001,
		1,
		807611,
		0,
		807611,
		0,
		807611,
		807622,
		0,
		807621,
		0,
		807622,
		60,
		R._1,
		{19,244,21700},
	},
	[112]=
	{
		112,
		200004,
		6700,
		80001,
		1,
		807712,
		807712,
		807711,
		807712,
		807712,
		807721,
		807722,
		807721,
		807722,
		807721,
		60,
		R._1,
		{19,244,21835},
	},
	[113]=
	{
		113,
		200004,
		6701,
		80001,
		1,
		807812,
		807812,
		807811,
		807812,
		807812,
		807821,
		807822,
		807821,
		807822,
		807821,
		60,
		R._1,
		{19,244,21970},
	},
	[114]=
	{
		114,
		200004,
		6702,
		80001,
		1,
		807911,
		807912,
		0,
		807911,
		807912,
		0,
		0,
		807921,
		0,
		0,
		60,
		R._1,
		{19,244,22105},
	},
	[115]=
	{
		115,
		200004,
		6800,
		80001,
		2,
		0,
		0,
		808011,
		0,
		0,
		0,
		0,
		0,
		0,
		0,
		90,
		R._1,
		{19,244,22240},
	},
	[116]=
	{
		116,
		200004,
		6801,
		80001,
		1,
		808111,
		0,
		808111,
		0,
		808111,
		808122,
		0,
		808121,
		0,
		808122,
		60,
		R._1,
		{19,250,22375},
	},
	[117]=
	{
		117,
		200004,
		6802,
		80001,
		1,
		808212,
		808212,
		808211,
		808212,
		808212,
		808221,
		808222,
		808221,
		808222,
		808221,
		60,
		R._1,
		{19,250,22510},
	},
	[118]=
	{
		118,
		200004,
		6900,
		80001,
		1,
		808312,
		808312,
		808311,
		808312,
		808312,
		808321,
		808322,
		808321,
		808322,
		808321,
		60,
		R._1,
		{19,250,22645},
	},
	[119]=
	{
		119,
		200004,
		6901,
		80001,
		1,
		808411,
		808412,
		0,
		808411,
		808412,
		0,
		0,
		808421,
		0,
		0,
		60,
		R._1,
		{19,250,22780},
	},
	[120]=
	{
		120,
		200004,
		6902,
		80001,
		2,
		0,
		0,
		808511,
		0,
		0,
		0,
		0,
		0,
		0,
		0,
		90,
		R._1,
		{19,250,22915},
	},
	[121]=
	{
		121,
		200005,
		7000,
		80001,
		1,
		806611,
		0,
		806611,
		0,
		806611,
		806622,
		0,
		806621,
		0,
		806622,
		60,
		R._1,
		{20,280,23000},
	},
	[122]=
	{
		122,
		200005,
		7001,
		80001,
		1,
		806712,
		806712,
		806711,
		806712,
		806712,
		806721,
		806722,
		806721,
		806722,
		806721,
		60,
		R._1,
		{20,280,23150},
	},
	[123]=
	{
		123,
		200005,
		7002,
		80001,
		1,
		806812,
		806812,
		806811,
		806812,
		806812,
		806821,
		806822,
		806821,
		806822,
		806821,
		60,
		R._1,
		{20,280,23300},
	},
	[124]=
	{
		124,
		200005,
		7003,
		80001,
		1,
		806911,
		806912,
		0,
		806911,
		806912,
		0,
		0,
		806921,
		0,
		0,
		60,
		R._1,
		{20,280,23450},
	},
	[125]=
	{
		125,
		200005,
		7100,
		80001,
		2,
		0,
		0,
		807011,
		0,
		0,
		0,
		0,
		0,
		0,
		0,
		90,
		R._1,
		{20,280,23600},
	},
	[126]=
	{
		126,
		200005,
		7101,
		80001,
		1,
		807111,
		0,
		807111,
		0,
		807111,
		807122,
		0,
		807121,
		0,
		807122,
		60,
		R._1,
		{20,288,23750},
	},
	[127]=
	{
		127,
		200005,
		7102,
		80001,
		1,
		807212,
		807212,
		807211,
		807212,
		807212,
		807221,
		807222,
		807221,
		807222,
		807221,
		60,
		R._1,
		{20,288,23900},
	},
	[128]=
	{
		128,
		200005,
		7103,
		80001,
		1,
		807312,
		807312,
		807311,
		807312,
		807312,
		807321,
		807322,
		807321,
		807322,
		807321,
		60,
		R._1,
		{20,288,24050},
	},
	[129]=
	{
		129,
		200005,
		7200,
		80001,
		1,
		807411,
		807412,
		0,
		807411,
		807412,
		0,
		0,
		807421,
		0,
		0,
		60,
		R._1,
		{20,288,24200},
	},
	[130]=
	{
		130,
		200005,
		7201,
		80001,
		2,
		0,
		0,
		807511,
		0,
		0,
		0,
		0,
		0,
		0,
		0,
		90,
		R._1,
		{20,288,24350},
	},
	[131]=
	{
		131,
		200005,
		7202,
		80001,
		1,
		807611,
		0,
		807611,
		0,
		807611,
		807622,
		0,
		807621,
		0,
		807622,
		60,
		R._1,
		{21,296,24500},
	},
	[132]=
	{
		132,
		200005,
		7203,
		80001,
		1,
		807712,
		807712,
		807711,
		807712,
		807712,
		807721,
		807722,
		807721,
		807722,
		807721,
		60,
		R._1,
		{21,296,24650},
	},
	[133]=
	{
		133,
		200005,
		7300,
		80001,
		1,
		807812,
		807812,
		807811,
		807812,
		807812,
		807821,
		807822,
		807821,
		807822,
		807821,
		60,
		R._1,
		{21,296,24800},
	},
	[134]=
	{
		134,
		200005,
		7301,
		80001,
		1,
		807911,
		807912,
		0,
		807911,
		807912,
		0,
		0,
		807921,
		0,
		0,
		60,
		R._1,
		{21,296,24950},
	},
	[135]=
	{
		135,
		200005,
		7302,
		80001,
		2,
		0,
		0,
		808011,
		0,
		0,
		0,
		0,
		0,
		0,
		0,
		90,
		R._1,
		{21,296,25100},
	},
	[136]=
	{
		136,
		200005,
		7303,
		80001,
		1,
		808111,
		0,
		808111,
		0,
		808111,
		808122,
		0,
		808121,
		0,
		808122,
		60,
		R._1,
		{21,304,25250},
	},
	[137]=
	{
		137,
		200005,
		7400,
		80001,
		1,
		808212,
		808212,
		808211,
		808212,
		808212,
		808221,
		808222,
		808221,
		808222,
		808221,
		60,
		R._1,
		{21,304,25400},
	},
	[138]=
	{
		138,
		200005,
		7401,
		80001,
		1,
		808312,
		808312,
		808311,
		808312,
		808312,
		808321,
		808322,
		808321,
		808322,
		808321,
		60,
		R._1,
		{21,304,25550},
	},
	[139]=
	{
		139,
		200005,
		7402,
		80001,
		1,
		808411,
		808412,
		0,
		808411,
		808412,
		0,
		0,
		808421,
		0,
		0,
		60,
		R._1,
		{21,304,25700},
	},
	[140]=
	{
		140,
		200005,
		7403,
		80001,
		2,
		0,
		0,
		808511,
		0,
		0,
		0,
		0,
		0,
		0,
		0,
		90,
		R._1,
		{21,304,25850},
	},
	[141]=
	{
		141,
		200005,
		7500,
		80001,
		1,
		808611,
		0,
		808611,
		0,
		808611,
		808622,
		0,
		808621,
		0,
		808622,
		60,
		R._1,
		{22,312,26000},
	},
	[142]=
	{
		142,
		200005,
		7501,
		80001,
		1,
		808712,
		808712,
		808711,
		808712,
		808712,
		808721,
		808722,
		808721,
		808722,
		808721,
		60,
		R._1,
		{22,312,26150},
	},
	[143]=
	{
		143,
		200005,
		7502,
		80001,
		1,
		808812,
		808812,
		808811,
		808812,
		808812,
		808821,
		808822,
		808821,
		808822,
		808821,
		60,
		R._1,
		{22,312,26300},
	},
	[144]=
	{
		144,
		200005,
		7503,
		80001,
		1,
		808911,
		808912,
		0,
		808911,
		808912,
		0,
		0,
		808921,
		0,
		0,
		60,
		R._1,
		{22,312,26450},
	},
	[145]=
	{
		145,
		200005,
		7600,
		80001,
		2,
		0,
		0,
		809011,
		0,
		0,
		0,
		0,
		0,
		0,
		0,
		90,
		R._1,
		{22,312,26600},
	},
	[146]=
	{
		146,
		200005,
		7601,
		80001,
		1,
		806111,
		0,
		806111,
		0,
		806111,
		806122,
		0,
		806121,
		0,
		806122,
		60,
		R._1,
		{22,320,26750},
	},
	[147]=
	{
		147,
		200005,
		7602,
		80001,
		1,
		806212,
		806212,
		806211,
		806212,
		806212,
		806221,
		806222,
		806221,
		806222,
		806221,
		60,
		R._1,
		{22,320,26900},
	},
	[148]=
	{
		148,
		200005,
		7603,
		80001,
		1,
		806312,
		806312,
		806311,
		806312,
		806312,
		806321,
		806322,
		806321,
		806322,
		806321,
		60,
		R._1,
		{22,320,27050},
	},
	[149]=
	{
		149,
		200005,
		7700,
		80001,
		1,
		806411,
		806412,
		0,
		806411,
		806412,
		0,
		0,
		806421,
		0,
		0,
		60,
		R._1,
		{22,320,27200},
	},
	[150]=
	{
		150,
		200005,
		7701,
		80001,
		2,
		0,
		0,
		806511,
		0,
		0,
		0,
		0,
		0,
		0,
		0,
		90,
		R._1,
		{22,320,27350},
	},
	[151]=
	{
		151,
		200005,
		7702,
		80001,
		1,
		806611,
		0,
		806611,
		0,
		806611,
		806622,
		0,
		806621,
		0,
		806622,
		60,
		R._1,
		{23,328,27500},
	},
	[152]=
	{
		152,
		200005,
		7703,
		80001,
		1,
		806712,
		806712,
		806711,
		806712,
		806712,
		806721,
		806722,
		806721,
		806722,
		806721,
		60,
		R._1,
		{23,328,27650},
	},
	[153]=
	{
		153,
		200005,
		7800,
		80001,
		1,
		806812,
		806812,
		806811,
		806812,
		806812,
		806821,
		806822,
		806821,
		806822,
		806821,
		60,
		R._1,
		{23,328,27800},
	},
	[154]=
	{
		154,
		200005,
		7801,
		80001,
		1,
		806911,
		806912,
		0,
		806911,
		806912,
		0,
		0,
		806921,
		0,
		0,
		60,
		R._1,
		{23,328,27950},
	},
	[155]=
	{
		155,
		200005,
		7802,
		80001,
		2,
		0,
		0,
		807011,
		0,
		0,
		0,
		0,
		0,
		0,
		0,
		90,
		R._1,
		{23,328,28100},
	},
	[156]=
	{
		156,
		200005,
		7803,
		80001,
		1,
		807111,
		0,
		807111,
		0,
		807111,
		807122,
		0,
		807121,
		0,
		807122,
		60,
		R._1,
		{23,336,28250},
	},
	[157]=
	{
		157,
		200005,
		7900,
		80001,
		1,
		807212,
		807212,
		807211,
		807212,
		807212,
		807221,
		807222,
		807221,
		807222,
		807221,
		60,
		R._1,
		{23,336,28400},
	},
	[158]=
	{
		158,
		200005,
		7901,
		80001,
		1,
		807312,
		807312,
		807311,
		807312,
		807312,
		807321,
		807322,
		807321,
		807322,
		807321,
		60,
		R._1,
		{23,336,28550},
	},
	[159]=
	{
		159,
		200005,
		7902,
		80001,
		1,
		807411,
		807412,
		0,
		807411,
		807412,
		0,
		0,
		807421,
		0,
		0,
		60,
		R._1,
		{23,336,28700},
	},
	[160]=
	{
		160,
		200005,
		7903,
		80001,
		2,
		0,
		0,
		807511,
		0,
		0,
		0,
		0,
		0,
		0,
		0,
		90,
		R._1,
		{23,336,28850},
	},
	[161]=
	{
		161,
		200006,
		8000,
		80001,
		1,
		806111,
		0,
		806111,
		0,
		806111,
		806122,
		0,
		806121,
		0,
		806122,
		60,
		R._1,
		{24,360,29000},
	},
	[162]=
	{
		162,
		200006,
		8001,
		80001,
		1,
		806212,
		806212,
		806211,
		806212,
		806212,
		806221,
		806222,
		806221,
		806222,
		806221,
		60,
		R._1,
		{24,360,29150},
	},
	[163]=
	{
		163,
		200006,
		8002,
		80001,
		1,
		806312,
		806312,
		806311,
		806312,
		806312,
		806321,
		806322,
		806321,
		806322,
		806321,
		60,
		R._1,
		{24,360,29300},
	},
	[164]=
	{
		164,
		200006,
		8003,
		80001,
		1,
		806411,
		806412,
		0,
		806411,
		806412,
		0,
		0,
		806421,
		0,
		0,
		60,
		R._1,
		{24,360,29450},
	},
	[165]=
	{
		165,
		200006,
		8100,
		80001,
		2,
		0,
		0,
		806511,
		0,
		0,
		0,
		0,
		0,
		0,
		0,
		90,
		R._1,
		{24,360,29600},
	},
	[166]=
	{
		166,
		200006,
		8101,
		80001,
		1,
		806611,
		0,
		806611,
		0,
		806611,
		806622,
		0,
		806621,
		0,
		806622,
		60,
		R._1,
		{24,370,29750},
	},
	[167]=
	{
		167,
		200006,
		8102,
		80001,
		1,
		806712,
		806712,
		806711,
		806712,
		806712,
		806721,
		806722,
		806721,
		806722,
		806721,
		60,
		R._1,
		{24,370,29900},
	},
	[168]=
	{
		168,
		200006,
		8103,
		80001,
		1,
		806812,
		806812,
		806811,
		806812,
		806812,
		806821,
		806822,
		806821,
		806822,
		806821,
		60,
		R._1,
		{24,370,30050},
	},
	[169]=
	{
		169,
		200006,
		8200,
		80001,
		1,
		806911,
		806912,
		0,
		806911,
		806912,
		0,
		0,
		806921,
		0,
		0,
		60,
		R._1,
		{24,370,30200},
	},
	[170]=
	{
		170,
		200006,
		8201,
		80001,
		2,
		0,
		0,
		807011,
		0,
		0,
		0,
		0,
		0,
		0,
		0,
		90,
		R._1,
		{24,370,30350},
	},
	[171]=
	{
		171,
		200006,
		8202,
		80001,
		1,
		807111,
		0,
		807111,
		0,
		807111,
		807122,
		0,
		807121,
		0,
		807122,
		60,
		R._1,
		{25,380,30500},
	},
	[172]=
	{
		172,
		200006,
		8203,
		80001,
		1,
		807212,
		807212,
		807211,
		807212,
		807212,
		807221,
		807222,
		807221,
		807222,
		807221,
		60,
		R._1,
		{25,380,30650},
	},
	[173]=
	{
		173,
		200006,
		8300,
		80001,
		1,
		807312,
		807312,
		807311,
		807312,
		807312,
		807321,
		807322,
		807321,
		807322,
		807321,
		60,
		R._1,
		{25,380,30800},
	},
	[174]=
	{
		174,
		200006,
		8301,
		80001,
		1,
		807411,
		807412,
		0,
		807411,
		807412,
		0,
		0,
		807421,
		0,
		0,
		60,
		R._1,
		{25,380,30950},
	},
	[175]=
	{
		175,
		200006,
		8302,
		80001,
		2,
		0,
		0,
		807511,
		0,
		0,
		0,
		0,
		0,
		0,
		0,
		90,
		R._1,
		{25,380,31100},
	},
	[176]=
	{
		176,
		200006,
		8303,
		80001,
		1,
		807611,
		0,
		807611,
		0,
		807611,
		807622,
		0,
		807621,
		0,
		807622,
		60,
		R._1,
		{25,390,31250},
	},
	[177]=
	{
		177,
		200006,
		8400,
		80001,
		1,
		807712,
		807712,
		807711,
		807712,
		807712,
		807721,
		807722,
		807721,
		807722,
		807721,
		60,
		R._1,
		{25,390,31400},
	},
	[178]=
	{
		178,
		200006,
		8401,
		80001,
		1,
		807812,
		807812,
		807811,
		807812,
		807812,
		807821,
		807822,
		807821,
		807822,
		807821,
		60,
		R._1,
		{25,390,31550},
	},
	[179]=
	{
		179,
		200006,
		8402,
		80001,
		1,
		807911,
		807912,
		0,
		807911,
		807912,
		0,
		0,
		807921,
		0,
		0,
		60,
		R._1,
		{25,390,31700},
	},
	[180]=
	{
		180,
		200006,
		8403,
		80001,
		2,
		0,
		0,
		808011,
		0,
		0,
		0,
		0,
		0,
		0,
		0,
		90,
		R._1,
		{25,390,31850},
	},
	[181]=
	{
		181,
		200006,
		8500,
		80001,
		1,
		808111,
		0,
		808111,
		0,
		808111,
		808122,
		0,
		808121,
		0,
		808122,
		60,
		R._1,
		{26,400,32000},
	},
	[182]=
	{
		182,
		200006,
		8501,
		80001,
		1,
		808212,
		808212,
		808211,
		808212,
		808212,
		808221,
		808222,
		808221,
		808222,
		808221,
		60,
		R._1,
		{26,400,32150},
	},
	[183]=
	{
		183,
		200006,
		8502,
		80001,
		1,
		808312,
		808312,
		808311,
		808312,
		808312,
		808321,
		808322,
		808321,
		808322,
		808321,
		60,
		R._1,
		{26,400,32300},
	},
	[184]=
	{
		184,
		200006,
		8503,
		80001,
		1,
		808411,
		808412,
		0,
		808411,
		808412,
		0,
		0,
		808421,
		0,
		0,
		60,
		R._1,
		{26,400,32450},
	},
	[185]=
	{
		185,
		200006,
		8600,
		80001,
		2,
		0,
		0,
		808511,
		0,
		0,
		0,
		0,
		0,
		0,
		0,
		90,
		R._1,
		{26,400,32600},
	},
	[186]=
	{
		186,
		200006,
		8601,
		80001,
		1,
		808611,
		0,
		808611,
		0,
		808611,
		808622,
		0,
		808621,
		0,
		808622,
		60,
		R._1,
		{26,410,32750},
	},
	[187]=
	{
		187,
		200006,
		8602,
		80001,
		1,
		808712,
		808712,
		808711,
		808712,
		808712,
		808721,
		808722,
		808721,
		808722,
		808721,
		60,
		R._1,
		{26,410,32900},
	},
	[188]=
	{
		188,
		200006,
		8603,
		80001,
		1,
		808812,
		808812,
		808811,
		808812,
		808812,
		808821,
		808822,
		808821,
		808822,
		808821,
		60,
		R._1,
		{26,410,33050},
	},
	[189]=
	{
		189,
		200006,
		8700,
		80001,
		1,
		808911,
		808912,
		0,
		808911,
		808912,
		0,
		0,
		808921,
		0,
		0,
		60,
		R._1,
		{26,410,33200},
	},
	[190]=
	{
		190,
		200006,
		8701,
		80001,
		2,
		0,
		0,
		809011,
		0,
		0,
		0,
		0,
		0,
		0,
		0,
		90,
		R._1,
		{26,410,33350},
	},
	[191]=
	{
		191,
		200006,
		8702,
		80001,
		1,
		806111,
		0,
		806111,
		0,
		806111,
		806122,
		0,
		806121,
		0,
		806122,
		60,
		R._1,
		{27,420,33500},
	},
	[192]=
	{
		192,
		200006,
		8703,
		80001,
		1,
		806212,
		806212,
		806211,
		806212,
		806212,
		806221,
		806222,
		806221,
		806222,
		806221,
		60,
		R._1,
		{27,420,33650},
	},
	[193]=
	{
		193,
		200006,
		8800,
		80001,
		1,
		806312,
		806312,
		806311,
		806312,
		806312,
		806321,
		806322,
		806321,
		806322,
		806321,
		60,
		R._1,
		{27,420,33800},
	},
	[194]=
	{
		194,
		200006,
		8801,
		80001,
		1,
		806411,
		806412,
		0,
		806411,
		806412,
		0,
		0,
		806421,
		0,
		0,
		60,
		R._1,
		{27,420,33950},
	},
	[195]=
	{
		195,
		200006,
		8802,
		80001,
		2,
		0,
		0,
		806511,
		0,
		0,
		0,
		0,
		0,
		0,
		0,
		90,
		R._1,
		{27,420,34100},
	},
	[196]=
	{
		196,
		200006,
		8803,
		80001,
		1,
		806611,
		0,
		806611,
		0,
		806611,
		806622,
		0,
		806621,
		0,
		806622,
		60,
		R._1,
		{27,430,34250},
	},
	[197]=
	{
		197,
		200006,
		8900,
		80001,
		1,
		806712,
		806712,
		806711,
		806712,
		806712,
		806721,
		806722,
		806721,
		806722,
		806721,
		60,
		R._1,
		{27,430,34400},
	},
	[198]=
	{
		198,
		200006,
		8901,
		80001,
		1,
		806812,
		806812,
		806811,
		806812,
		806812,
		806821,
		806822,
		806821,
		806822,
		806821,
		60,
		R._1,
		{27,430,34550},
	},
	[199]=
	{
		199,
		200006,
		8902,
		80001,
		1,
		806911,
		806912,
		0,
		806911,
		806912,
		0,
		0,
		806921,
		0,
		0,
		60,
		R._1,
		{27,430,34700},
	},
	[200]=
	{
		200,
		200006,
		8903,
		80001,
		2,
		0,
		0,
		807011,
		0,
		0,
		0,
		0,
		0,
		0,
		0,
		90,
		R._1,
		{27,430,34850},
	},
	[201]=
	{
		201,
		200007,
		9000,
		80001,
		1,
		806111,
		0,
		806111,
		0,
		806111,
		806122,
		0,
		806121,
		0,
		806122,
		60,
		R._1,
		{28,440,35000},
	},
	[202]=
	{
		202,
		200007,
		9001,
		80001,
		1,
		806212,
		806212,
		806211,
		806212,
		806212,
		806221,
		806222,
		806221,
		806222,
		806221,
		60,
		R._1,
		{28,440,35150},
	},
	[203]=
	{
		203,
		200007,
		9002,
		80001,
		1,
		806312,
		806312,
		806311,
		806312,
		806312,
		806321,
		806322,
		806321,
		806322,
		806321,
		60,
		R._1,
		{28,440,35300},
	},
	[204]=
	{
		204,
		200007,
		9003,
		80001,
		1,
		806411,
		806412,
		0,
		806411,
		806412,
		0,
		0,
		806421,
		0,
		0,
		60,
		R._1,
		{28,440,35450},
	},
	[205]=
	{
		205,
		200007,
		9004,
		80001,
		2,
		0,
		0,
		806511,
		0,
		0,
		0,
		0,
		0,
		0,
		0,
		90,
		R._1,
		{28,440,35600},
	},
	[206]=
	{
		206,
		200007,
		9100,
		80001,
		1,
		806611,
		0,
		806611,
		0,
		806611,
		806622,
		0,
		806621,
		0,
		806622,
		60,
		R._1,
		{28,450,35750},
	},
	[207]=
	{
		207,
		200007,
		9101,
		80001,
		1,
		806712,
		806712,
		806711,
		806712,
		806712,
		806721,
		806722,
		806721,
		806722,
		806721,
		60,
		R._1,
		{28,450,35900},
	},
	[208]=
	{
		208,
		200007,
		9102,
		80001,
		1,
		806812,
		806812,
		806811,
		806812,
		806812,
		806821,
		806822,
		806821,
		806822,
		806821,
		60,
		R._1,
		{28,450,36050},
	},
	[209]=
	{
		209,
		200007,
		9103,
		80001,
		1,
		806911,
		806912,
		0,
		806911,
		806912,
		0,
		0,
		806921,
		0,
		0,
		60,
		R._1,
		{28,450,36200},
	},
	[210]=
	{
		210,
		200007,
		9104,
		80001,
		2,
		0,
		0,
		807011,
		0,
		0,
		0,
		0,
		0,
		0,
		0,
		90,
		R._1,
		{28,450,36350},
	},
	[211]=
	{
		211,
		200007,
		9200,
		80001,
		1,
		807111,
		0,
		807111,
		0,
		807111,
		807122,
		0,
		807121,
		0,
		807122,
		60,
		R._1,
		{29,460,36500},
	},
	[212]=
	{
		212,
		200007,
		9201,
		80001,
		1,
		807212,
		807212,
		807211,
		807212,
		807212,
		807221,
		807222,
		807221,
		807222,
		807221,
		60,
		R._1,
		{29,460,36650},
	},
	[213]=
	{
		213,
		200007,
		9202,
		80001,
		1,
		807312,
		807312,
		807311,
		807312,
		807312,
		807321,
		807322,
		807321,
		807322,
		807321,
		60,
		R._1,
		{29,460,36800},
	},
	[214]=
	{
		214,
		200007,
		9203,
		80001,
		1,
		807411,
		807412,
		0,
		807411,
		807412,
		0,
		0,
		807421,
		0,
		0,
		60,
		R._1,
		{29,460,36950},
	},
	[215]=
	{
		215,
		200007,
		9204,
		80001,
		2,
		0,
		0,
		807511,
		0,
		0,
		0,
		0,
		0,
		0,
		0,
		90,
		R._1,
		{29,460,37100},
	},
	[216]=
	{
		216,
		200007,
		9300,
		80001,
		1,
		807611,
		0,
		807611,
		0,
		807611,
		807622,
		0,
		807621,
		0,
		807622,
		60,
		R._1,
		{29,470,37250},
	},
	[217]=
	{
		217,
		200007,
		9301,
		80001,
		1,
		807712,
		807712,
		807711,
		807712,
		807712,
		807721,
		807722,
		807721,
		807722,
		807721,
		60,
		R._1,
		{29,470,37400},
	},
	[218]=
	{
		218,
		200007,
		9302,
		80001,
		1,
		807812,
		807812,
		807811,
		807812,
		807812,
		807821,
		807822,
		807821,
		807822,
		807821,
		60,
		R._1,
		{29,470,37550},
	},
	[219]=
	{
		219,
		200007,
		9303,
		80001,
		1,
		807911,
		807912,
		0,
		807911,
		807912,
		0,
		0,
		807921,
		0,
		0,
		60,
		R._1,
		{29,470,37700},
	},
	[220]=
	{
		220,
		200007,
		9304,
		80001,
		2,
		0,
		0,
		808011,
		0,
		0,
		0,
		0,
		0,
		0,
		0,
		90,
		R._1,
		{29,470,37850},
	},
	[221]=
	{
		221,
		200007,
		9400,
		80001,
		1,
		808111,
		0,
		808111,
		0,
		808111,
		808122,
		0,
		808121,
		0,
		808122,
		60,
		R._1,
		{30,480,38000},
	},
	[222]=
	{
		222,
		200007,
		9401,
		80001,
		1,
		808212,
		808212,
		808211,
		808212,
		808212,
		808221,
		808222,
		808221,
		808222,
		808221,
		60,
		R._1,
		{30,480,38150},
	},
	[223]=
	{
		223,
		200007,
		9402,
		80001,
		1,
		808312,
		808312,
		808311,
		808312,
		808312,
		808321,
		808322,
		808321,
		808322,
		808321,
		60,
		R._1,
		{30,480,38300},
	},
	[224]=
	{
		224,
		200007,
		9403,
		80001,
		1,
		808411,
		808412,
		0,
		808411,
		808412,
		0,
		0,
		808421,
		0,
		0,
		60,
		R._1,
		{30,480,38450},
	},
	[225]=
	{
		225,
		200007,
		9404,
		80001,
		2,
		0,
		0,
		808511,
		0,
		0,
		0,
		0,
		0,
		0,
		0,
		90,
		R._1,
		{30,480,38600},
	},
	[226]=
	{
		226,
		200007,
		9500,
		80001,
		1,
		808611,
		0,
		808611,
		0,
		808611,
		808622,
		0,
		808621,
		0,
		808622,
		60,
		R._1,
		{30,490,38750},
	},
	[227]=
	{
		227,
		200007,
		9501,
		80001,
		1,
		808712,
		808712,
		808711,
		808712,
		808712,
		808721,
		808722,
		808721,
		808722,
		808721,
		60,
		R._1,
		{30,490,38900},
	},
	[228]=
	{
		228,
		200007,
		9502,
		80001,
		1,
		808812,
		808812,
		808811,
		808812,
		808812,
		808821,
		808822,
		808821,
		808822,
		808821,
		60,
		R._1,
		{30,490,39050},
	},
	[229]=
	{
		229,
		200007,
		9503,
		80001,
		1,
		808911,
		808912,
		0,
		808911,
		808912,
		0,
		0,
		808921,
		0,
		0,
		60,
		R._1,
		{30,490,39200},
	},
	[230]=
	{
		230,
		200007,
		9504,
		80001,
		2,
		0,
		0,
		809011,
		0,
		0,
		0,
		0,
		0,
		0,
		0,
		90,
		R._1,
		{30,490,39350},
	},
	[231]=
	{
		231,
		200007,
		9600,
		80001,
		1,
		807111,
		0,
		807111,
		0,
		807111,
		807122,
		0,
		807121,
		0,
		807122,
		60,
		R._1,
		{31,500,39500},
	},
	[232]=
	{
		232,
		200007,
		9601,
		80001,
		1,
		807212,
		807212,
		807211,
		807212,
		807212,
		807221,
		807222,
		807221,
		807222,
		807221,
		60,
		R._1,
		{31,500,39650},
	},
	[233]=
	{
		233,
		200007,
		9602,
		80001,
		1,
		807312,
		807312,
		807311,
		807312,
		807312,
		807321,
		807322,
		807321,
		807322,
		807321,
		60,
		R._1,
		{31,500,39800},
	},
	[234]=
	{
		234,
		200007,
		9603,
		80001,
		1,
		807411,
		807412,
		0,
		807411,
		807412,
		0,
		0,
		807421,
		0,
		0,
		60,
		R._1,
		{31,500,39950},
	},
	[235]=
	{
		235,
		200007,
		9604,
		80001,
		2,
		0,
		0,
		807511,
		0,
		0,
		0,
		0,
		0,
		0,
		0,
		90,
		R._1,
		{31,500,40100},
	},
	[236]=
	{
		236,
		200007,
		9700,
		80001,
		1,
		807611,
		0,
		807611,
		0,
		807611,
		807622,
		0,
		807621,
		0,
		807622,
		60,
		R._1,
		{31,510,40250},
	},
	[237]=
	{
		237,
		200007,
		9701,
		80001,
		1,
		807712,
		807712,
		807711,
		807712,
		807712,
		807721,
		807722,
		807721,
		807722,
		807721,
		60,
		R._1,
		{31,510,40400},
	},
	[238]=
	{
		238,
		200007,
		9702,
		80001,
		1,
		807812,
		807812,
		807811,
		807812,
		807812,
		807821,
		807822,
		807821,
		807822,
		807821,
		60,
		R._1,
		{31,510,40550},
	},
	[239]=
	{
		239,
		200007,
		9703,
		80001,
		1,
		807911,
		807912,
		0,
		807911,
		807912,
		0,
		0,
		807921,
		0,
		0,
		60,
		R._1,
		{31,510,40700},
	},
	[240]=
	{
		240,
		200007,
		9704,
		80001,
		2,
		0,
		0,
		808011,
		0,
		0,
		0,
		0,
		0,
		0,
		0,
		90,
		R._1,
		{31,510,40850},
	},
	[241]=
	{
		241,
		200007,
		9800,
		80001,
		1,
		808111,
		0,
		808111,
		0,
		808111,
		808122,
		0,
		808121,
		0,
		808122,
		60,
		R._1,
		{32,520,41000},
	},
	[242]=
	{
		242,
		200007,
		9801,
		80001,
		1,
		808212,
		808212,
		808211,
		808212,
		808212,
		808221,
		808222,
		808221,
		808222,
		808221,
		60,
		R._1,
		{32,520,41150},
	},
	[243]=
	{
		243,
		200007,
		9802,
		80001,
		1,
		808312,
		808312,
		808311,
		808312,
		808312,
		808321,
		808322,
		808321,
		808322,
		808321,
		60,
		R._1,
		{32,520,41300},
	},
	[244]=
	{
		244,
		200007,
		9803,
		80001,
		1,
		808411,
		808412,
		0,
		808411,
		808412,
		0,
		0,
		808421,
		0,
		0,
		60,
		R._1,
		{32,520,41450},
	},
	[245]=
	{
		245,
		200007,
		9804,
		80001,
		2,
		0,
		0,
		808511,
		0,
		0,
		0,
		0,
		0,
		0,
		0,
		90,
		R._1,
		{32,520,41600},
	},
	[246]=
	{
		246,
		200007,
		9900,
		80001,
		1,
		808611,
		0,
		808611,
		0,
		808611,
		808622,
		0,
		808621,
		0,
		808622,
		60,
		R._1,
		{32,530,41750},
	},
	[247]=
	{
		247,
		200007,
		9901,
		80001,
		1,
		808712,
		808712,
		808711,
		808712,
		808712,
		808721,
		808722,
		808721,
		808722,
		808721,
		60,
		R._1,
		{32,530,41900},
	},
	[248]=
	{
		248,
		200007,
		9902,
		80001,
		1,
		808812,
		808812,
		808811,
		808812,
		808812,
		808821,
		808822,
		808821,
		808822,
		808821,
		60,
		R._1,
		{32,530,42050},
	},
	[249]=
	{
		249,
		200007,
		9903,
		80001,
		1,
		808911,
		808912,
		0,
		808911,
		808912,
		0,
		0,
		808921,
		0,
		0,
		60,
		R._1,
		{32,530,42200},
	},
	[250]=
	{
		250,
		200007,
		9904,
		80001,
		2,
		0,
		0,
		809011,
		0,
		0,
		0,
		0,
		0,
		0,
		0,
		90,
		R._1,
		{32,530,42350},
	},

}

do
    MT(KeyMap, TowerCopyList)
end

return TowerCopyList
